r1,r2,r3,label
21,49,64,134
56,51,89,196
65,54,14,133
16,32,10,58
23,68,24,115
74,73,6,153
90,37,3,130
82,50,33,165
53,55,70,178
0,76,17,93
18,31,67,116
90,62,80,232
80,56,53,189
96,91,48,235
29,57,1,87
15,66,4,85
33,66,58,157
16,96,24,136
30,71,1,102
86,0,19,105
37,4,14,55
48,10,56,114
59,98,97,254
43,73,23,139
68,98,26,192
57,99,7,163
16,9,23,48
54,90,75,219
83,29,65,177
50,75,63,188
57,45,83,185
36,3,27,66
98,0,40,138
42,2,72,116
68,80,68,216
84,85,9,178
83,68,46,197
54,27,63,144
81,23,16,120
21,54,95,170
50,93,97,240
40,100,88,228
11,58,15,84
92,86,36,214
96,36,29,161
72,87,93,252
86,91,39,216
81,38,16,135
73,71,1,145
12,50,92,154
71,67,49,187
66,21,72,159
43,86,21,150
1,47,37,85
53,78,19,150
70,10,1,81
4,49,42,95
82,45,86,213
7,81,43,131
46,55,43,144
74,27,38,139
89,25,97,211
2,91,51,144
51,57,26,134
63,7,15,85
68,69,42,179
98,3,10,111
81,86,42,209
18,62,87,167
43,81,13,137
78,98,73,249
66,81,24,171
82,61,5,148
48,78,34,160
35,20,58,113
82,52,19,153
14,88,12,114
63,82,83,228
34,6,91,131
3,34,90,127
32,62,22,116
7,5,55,67
47,66,67,180
15,8,18,41
81,33,72,186
37,26,100,163
12,95,71,178
51,60,5,116
7,36,19,62
2,38,42,82
60,77,74,211
20,89,89,198
26,24,59,109
45,65,50,160
35,65,0,100
8,44,89,141
98,77,57,232
93,63,52,208
62,3,72,137
63,26,36,125
75,100,82,257
44,72,62,178
79,15,56,150
21,73,63,157
76,21,24,121
87,0,27,114
13,98,70,181
56,3,24,83
88,88,44,220
62,86,17,165
94,30,61,185
23,86,61,170
53,38,17,108
76,1,13,90
29,20,43,92
85,48,88,221
37,69,97,203
12,22,100,134
55,92,48,195
15,11,57,83
10,93,62,165
49,41,6,96
84,90,84,258
20,12,96,128
0,20,9,29
39,48,20,107
35,40,25,100
18,96,34,148
86,12,1,99
89,71,89,249
65,52,37,154
11,10,3,24
94,8,64,166
62,94,98,254
5,84,60,149
30,90,39,159
54,61,14,129
11,69,60,140
66,29,80,175
59,22,63,144
53,17,91,161
83,73,72,228
48,6,51,105
2,55,86,143
10,16,69,95
22,65,63,150
95,49,7,151
67,10,48,125
85,61,81,227
74,78,56,208
76,14,59,149
29,34,21,84
31,67,83,181
42,41,53,136
70,54,45,169
12,17,57,86
8,10,74,92
83,20,73,176
52,2,89,143
80,75,31,186
50,42,50,142
41,35,31,107
38,33,27,98
12,59,53,124
54,98,11,163
26,57,96,179
34,13,54,101
55,75,72,202
18,50,65,133
12,14,38,64
49,61,7,117
96,71,71,238
65,55,8,128
85,95,10,190
71,33,76,180
2,60,2,64
62,53,71,186
49,66,66,181
32,58,93,183
14,80,18,112
10,17,84,111
74,94,17,185
21,4,28,53
31,56,56,143
45,40,16,101
61,87,63,211
73,30,22,125
1,43,87,131
27,61,99,187
42,25,57,124
82,65,11,158
68,72,17,157
96,62,76,234
57,69,96,222
98,81,20,199
52,86,25,163
65,73,96,234
9,34,99,142
45,9,74,128
74,88,4,166
10,75,89,174
33,2,39,74
63,69,42,174
40,48,67,155
64,17,92,173
70,88,43,201
90,42,59,191
66,46,86,198
96,82,13,191
29,63,44,136
97,19,7,123
73,14,78,165
83,31,59,173
65,53,69,187
27,35,16,78
3,12,64,79
46,12,3,61
90,95,63,248
40,93,12,145
38,83,79,200
52,98,24,174
23,78,44,145
82,88,8,178
98,19,48,165
68,39,53,160
90,99,4,193
31,41,17,89
74,31,50,155
26,31,84,141
56,89,69,214
66,70,10,146
64,11,18,93
37,35,14,86
97,42,88,227
13,40,30,83
29,35,90,154
10,23,30,63
58,20,46,124
15,83,23,121
100,17,7,124
26,54,47,127
86,24,82,192
53,36,91,180
30,70,91,191
23,75,4,102
54,88,92,234
58,38,80,176
22,91,91,204
43,46,75,164
98,12,71,181
34,87,45,166
59,13,17,89
27,96,100,223
60,77,56,193
28,42,76,146
61,18,87,166
5,26,48,79
98,83,88,269
76,8,80,164
15,16,61,92
88,17,41,146
84,16,93,193
81,42,67,190
92,74,60,226
83,0,82,165
50,62,9,121
59,88,93,240
98,6,67,171
32,82,98,212
40,40,63,143
96,0,62,158
12,61,96,169
97,89,65,251
13,24,90,127
31,38,71,140
79,44,90,213
6,43,56,105
14,75,53,142
7,100,88,195
30,2,9,41
60,89,37,186
49,20,25,94
9,58,69,136
13,68,73,154
7,49,72,128
69,68,68,205
75,42,16,133
11,7,45,63
42,57,74,173
89,88,84,261
24,32,0,56
85,5,51,141
66,11,42,119
22,97,29,148
34,86,71,191
94,21,96,211
73,69,58,200
98,44,93,235
24,46,14,84
91,86,89,266
66,88,93,247
8,76,99,183
68,66,51,185
25,6,55,86
65,12,81,158
47,8,78,133
19,59,95,173
32,73,76,181
96,14,84,194
4,44,93,141
98,90,56,244
85,59,64,208
96,71,24,191
86,35,26,147
10,46,8,64
95,81,73,249
54,95,34,183
79,81,53,213
0,65,60,125
79,62,94,235
1,99,83,183
40,81,74,195
95,30,54,179
5,73,34,112
57,23,98,178
16,11,91,118
71,54,12,137
35,25,66,126
12,24,67,103
59,95,72,226
47,55,16,118
20,63,19,102
91,67,73,231
85,21,15,121
90,36,56,182
17,81,81,179
16,76,44,136
82,13,35,130
64,17,17,98
10,38,2,50
45,48,53,146
84,20,62,166
31,97,33,161
85,84,23,192
93,55,61,209
42,85,13,140
0,11,48,59
90,14,2,106
49,7,25,81
72,2,10,84
47,15,68,130
58,96,60,214
98,48,19,165
15,73,15,103
91,14,87,192
83,67,19,169
66,76,100,242
62,99,16,177
11,98,67,176
93,58,44,195
89,23,54,166
23,47,24,94
55,70,82,207
89,31,11,131
10,26,3,39
13,98,34,145
85,90,26,201
36,19,26,81
38,47,9,94
57,48,61,166
10,85,3,98
96,43,70,209
14,57,8,79
35,28,59,122
15,27,69,111
80,23,29,132
50,56,46,152
74,97,29,200
71,57,83,211
26,51,23,100
67,19,1,87
38,78,33,149
18,20,98,136
29,24,97,150
70,1,31,102
19,16,50,85
49,63,41,153
6,38,72,116
23,83,44,150
18,65,81,164
33,49,16,98
59,48,17,124
44,97,53,194
75,10,31,116
0,0,33,33
67,73,97,237
12,92,84,188
18,34,52,104
37,92,20,149
51,52,83,186
68,72,73,213
34,29,48,111
61,52,20,133
3,48,87,138
42,27,25,94
50,59,15,124
30,85,91,206
23,48,92,163
74,0,43,117
26,90,8,124
83,32,19,134
28,54,39,121
33,68,72,173
32,77,21,130
61,44,39,144
40,42,68,150
15,94,44,153
70,90,30,190
14,62,0,76
74,50,38,162
1,8,92,101
66,34,83,183
84,63,35,182
90,34,88,212
9,47,59,115
18,92,73,183
15,24,35,74
0,63,63,126
78,100,99,277
82,95,51,228
38,13,16,67
70,13,96,179
75,44,65,184
29,87,26,142
84,75,83,242
62,51,41,154
93,63,8,164
50,52,41,143
58,47,47,152
63,90,54,207
2,97,61,160
58,66,54,178
45,72,43,160
32,31,68,131
39,48,39,126
39,28,77,144
26,77,13,116
35,47,11,93
20,58,21,99
26,20,52,98
40,25,57,122
89,46,45,180
59,47,26,132
88,55,11,154
90,44,6,140
13,95,56,164
56,36,29,121
15,0,22,37
3,79,66,148
63,23,59,145
75,96,49,220
89,34,80,203
95,71,51,217
71,26,69,166
83,42,12,137
90,69,53,212
65,99,1,165
97,85,58,240
73,13,90,176
48,78,9,135
31,94,5,130
32,63,64,159
60,24,30,114
56,24,61,141
6,5,91,102
39,94,25,158
75,23,44,142
20,81,79,180
13,18,24,55
84,9,97,190
52,43,87,182
65,61,0,126
26,93,70,189
21,91,38,150
36,6,77,119
73,85,1,159
62,65,9,136
89,0,10,99
1,30,50,81
22,38,47,107
48,69,20,137
51,93,83,227
97,64,51,212
89,39,5,133
79,57,68,204
13,95,85,193
0,100,10,110
97,32,46,175
51,14,9,74
8,70,24,102
66,52,49,167
54,32,2,88
65,19,2,86
25,0,11,36
34,53,61,148
51,64,85,200
46,48,64,158
75,89,97,261
62,36,27,125
29,32,44,105
83,33,49,165
1,6,18,25
74,0,55,129
35,54,3,92
70,47,72,189
60,14,22,96
30,36,83,149
52,5,43,100
74,90,28,192
82,46,94,222
88,93,50,231
23,53,52,128
80,43,75,198
96,96,30,222
39,54,28,121
22,78,43,143
2,94,38,134
47,100,75,222
73,58,46,177
84,38,56,178
40,29,45,114
31,48,58,137
78,85,53,216
90,14,69,173
11,59,16,86
69,63,89,221
94,63,35,192
55,12,75,142
16,37,43,96
85,92,54,231
25,85,53,163
38,86,33,157
74,1,86,161
89,87,28,204
24,12,81,117
29,19,85,133
23,9,2,34
22,88,85,195
77,21,42,140
68,33,49,150
3,26,59,88
44,14,62,120
33,82,59,174
64,56,88,208
10,32,37,79
62,74,78,214
28,84,38,150
69,24,68,161
56,89,63,208
39,46,13,98
85,85,55,225
100,18,12,130
61,31,72,164
39,69,54,162
80,4,76,160
69,100,69,238
33,57,65,155
13,48,17,78
41,29,98,168
91,80,86,257
2,0,80,82
35,22,20,77
55,46,51,152
80,8,98,186
55,74,0,129
87,69,12,168
37,56,81,174
14,24,90,128
8,24,53,85
75,46,16,137
35,25,43,103
2,1,85,88
96,89,81,266
97,59,29,185
56,43,33,132
96,52,68,216
76,50,73,199
84,82,28,194
86,86,87,259
53,73,86,212
42,91,100,233
46,30,12,88
65,28,49,142
4,54,87,145
51,82,31,164
9,69,2,80
22,41,95,158
8,8,3,19
90,3,48,141
19,61,23,103
86,98,75,259
73,10,24,107
67,35,62,164
65,38,78,181
82,9,72,163
67,20,71,158
27,64,90,181
25,42,73,140
75,47,46,168
34,82,73,189
46,25,75,146
1,27,34,62
51,67,86,204
28,72,29,129
62,55,11,128
10,40,92,142
4,26,10,40
2,35,35,72
34,28,24,86
7,86,98,191
15,66,37,118
74,92,28,194
15,47,12,74
67,34,77,178
43,20,74,137
67,55,56,178
88,3,7,98
7,54,56,117
4,52,38,94
54,73,27,154
50,24,66,140
48,95,98,241
1,0,14,15
90,28,46,164
19,79,23,121
84,6,8,98
73,20,8,101
21,33,40,94
82,36,32,150
84,69,9,162
77,18,62,157
6,88,20,114
38,10,59,107
100,45,16,161
96,27,8,131
77,87,15,179
9,93,42,144
16,53,21,90
89,98,92,279
22,28,73,123
78,26,49,153
49,31,7,87
92,2,66,160
30,75,98,203
50,18,59,127
2,45,45,92
29,5,88,122
54,21,42,117
91,52,15,158
32,53,5,90
56,41,55,152
6,76,67,149
31,68,51,150
74,35,97,206
19,72,74,165
30,44,7,81
98,80,86,264
38,12,56,106
86,11,53,150
55,79,91,225
42,14,43,99
84,90,66,240
36,95,92,223
75,27,78,180
34,65,48,147
90,57,37,184
46,23,22,91
82,9,89,180
89,18,62,169
93,54,53,200
28,51,28,107
67,25,88,180
35,94,64,193
86,6,46,138
18,9,61,88
20,61,6,87
25,24,7,56
10,14,96,120
59,6,14,79
45,44,25,114
99,73,11,183
14,73,91,178
50,65,41,156
40,94,40,174
60,53,84,197
42,88,61,191
16,43,56,115
39,9,22,70
88,82,5,175
76,1,99,176
74,100,74,248
71,38,93,202
12,34,38,84
25,62,14,101
36,29,98,163
80,8,27,115
55,94,3,152
13,28,47,88
66,44,12,122
34,83,44,161
65,74,54,193
37,31,32,100
26,96,70,192
33,61,0,94
26,58,81,165
62,15,44,121
81,63,8,152
15,52,26,93
59,87,22,168
74,65,76,215
58,68,80,206
29,54,80,163
13,88,94,195
68,91,46,205
32,1,75,108
28,82,90,200
95,71,48,214
98,33,46,177
35,92,9,136
69,52,70,191
24,58,24,106
50,17,92,159
17,71,12,100
33,34,19,86
26,59,40,125
78,95,82,255
46,9,49,104
73,63,70,206
14,58,55,127
87,64,56,207
65,84,86,235
37,55,7,99
87,3,52,142
88,37,96,221
8,1,57,66
1,32,22,55
94,89,44,227
16,11,82,109
76,84,94,254
32,76,34,142
6,85,58,149
89,4,2,95
79,64,1,144
33,66,85,184
98,46,14,158
0,30,0,30
85,28,88,201
46,97,38,181
86,100,74,260
90,82,30,202
85,97,87,269
43,7,92,142
36,87,48,171
33,41,39,113
0,44,56,100
83,89,20,192
11,65,23,99
2,21,47,70
78,48,8,134
62,37,12,111
91,21,98,210
28,55,88,171
100,72,43,215
35,29,73,137
84,64,6,154
28,70,80,178
13,37,82,132
53,9,93,155
87,83,9,179
53,4,77,134
33,99,63,195
28,6,54,88
69,30,40,139
65,27,74,166
64,67,12,143
32,31,43,106
85,44,80,209
10,39,91,140
88,42,95,225
76,62,23,161
91,55,39,185
70,59,5,134
12,60,75,147
79,18,12,109
54,81,71,206
41,54,96,191
5,45,81,131
76,65,10,151
23,23,21,67
83,88,42,213
92,44,10,146
20,10,51,81
98,11,83,192
91,92,9,192
87,48,7,142
20,33,45,98
97,66,93,256
0,62,11,73
44,39,27,110
95,45,89,229
29,69,54,152
50,80,48,178
37,79,95,211
7,43,29,79
100,87,78,265
6,50,1,57
84,5,9,98
72,31,72,175
52,66,92,210
68,84,85,237
95,99,3,197
77,73,52,202
38,24,37,99
55,56,77,188
98,95,79,272
84,41,44,169
12,44,78,134
25,35,7,67
66,57,55,178
75,92,85,252
9,47,82,138
38,90,54,182
48,4,24,76
26,14,86,126
47,74,47,168
70,2,50,122
99,56,69,224
81,50,78,209
21,67,79,167
13,11,50,74
36,47,100,183
29,85,15,129
46,29,26,101
52,47,59,158
44,13,40,97
36,0,37,73
24,3,95,122
76,74,20,170
70,20,68,158
32,97,83,212
85,24,76,185
94,20,78,192
23,47,86,156
54,59,99,212
51,32,25,108
90,72,97,259
8,32,52,92
1,38,57,96
16,32,99,147
91,9,62,162
82,27,8,117
11,93,23,127
60,12,14,86
66,98,99,263
34,3,21,58
0,8,24,32
32,8,88,128
44,24,2,70
72,7,94,173
80,26,64,170
99,17,46,162
5,82,85,172
55,58,55,168
97,98,71,266
98,12,73,183
70,62,60,192
26,86,99,211
15,2,10,27
38,94,65,197
22,50,72,144
26,55,80,161
32,28,10,70
53,18,2,73
36,22,48,106
13,46,49,108
49,51,76,176
27,53,2,82
78,5,4,87
99,16,36,151
85,94,3,182
96,79,64,239
5,79,76,160
71,49,59,179
51,59,95,205
72,76,50,198
61,14,11,86
91,8,88,187
71,73,68,212
71,63,71,205
61,21,27,109
95,12,22,129
82,57,69,208
50,59,78,187
95,17,70,182
58,55,17,130
58,77,80,215
72,53,39,164
1,6,54,61
90,81,76,247
34,75,29,138
15,94,0,109
24,56,94,174
54,75,7,136
16,93,61,170
51,26,66,143
95,76,62,233
10,85,20,115
40,76,40,156
11,55,37,103
37,2,12,51
3,7,43,53
16,86,59,161
77,62,55,194
43,22,18,83
38,18,85,141
9,38,87,134
81,64,30,175
88,20,25,133
30,60,76,166
82,37,17,136
96,71,51,218
90,39,79,208
84,45,7,136
71,82,32,185
77,59,36,172
77,87,86,250
86,51,6,143
9,46,19,74
18,7,83,108
41,80,4,125
91,43,75,209
38,23,34,95
31,68,40,139
81,37,93,211
46,25,21,92
4,4,54,62
80,35,4,119
50,18,46,114
65,95,1,161
47,60,90,197
78,15,4,97
13,80,26,119
78,28,67,173
41,37,33,111
25,25,48,98
55,20,30,105
26,73,36,135
43,15,60,118
98,45,87,230
21,83,94,198
45,45,50,140
7,91,64,162
16,81,46,143
15,27,49,91
87,23,90,200
72,12,4,88
10,5,60,75
31,35,54,120
74,92,89,255
51,91,33,175
49,58,78,185
35,24,37,96
69,48,75,192
61,2,79,142
89,36,60,185
96,46,15,157
63,66,51,180
45,22,72,139
99,6,5,110
32,93,81,206
45,78,40,163
54,27,80,161
12,100,53,165
58,49,94,201
31,48,52,131
7,63,95,165
33,67,28,128
19,29,1,49
83,30,67,180
57,39,10,106
93,59,77,229
65,70,44,179
26,16,90,132
80,67,39,186
73,56,47,176
93,67,82,242
33,59,87,179
36,25,84,145
42,96,28,166
50,74,100,224
3,8,35,46
62,26,68,156
66,73,85,224
71,32,27,130
19,74,75,168
25,6,9,40
92,91,1,184
92,41,3,136
56,29,40,125
62,18,64,144
53,18,4,75
22,5,78,105
42,21,32,95
85,90,76,251
74,9,21,104
66,78,39,183
37,98,85,220
49,56,31,136
61,48,23,132
25,93,54,172
100,36,20,156
73,70,80,223
49,84,97,230
34,74,40,148
11,75,85,171
74,26,98,198
45,65,97,207
13,9,45,67
89,78,63,230
59,26,50,135
96,90,85,271
78,33,98,209
74,49,60,183
92,32,71,195
82,54,96,232
98,50,31,179
50,98,28,176
43,38,54,135
6,85,44,135
69,67,17,153
48,59,73,180
25,84,6,115
54,94,5,153
50,33,9,92
34,39,47,120
59,34,37,130
99,56,92,247
6,83,13,102
32,55,54,141
79,87,88,254
67,67,4,138
45,79,61,185
63,31,2,96
70,26,92,188
30,12,89,131
77,70,22,169
14,83,48,145
9,11,52,72
92,35,97,224
100,19,90,209
18,42,33,93
8,48,18,74
7,95,74,176
39,90,55,184
48,63,19,130
20,19,100,139
45,66,49,160
89,68,79,236
10,24,57,91
32,7,56,95
31,68,54,153
25,15,59,99
71,30,46,147
10,100,18,128
66,80,97,243
69,96,45,210
33,19,86,138
7,90,16,113
35,35,48,118
52,85,39,176
92,18,23,133
52,5,26,83
69,12,64,145
69,80,13,162
18,96,98,212
77,43,50,170
26,5,52,83
84,57,65,206
51,15,71,137
52,6,3,61
91,37,56,184
48,93,5,146
79,13,69,161
85,18,25,128
83,8,73,164
75,24,81,180
66,70,64,200
31,57,78,166
94,84,18,196
99,77,100,276
81,32,21,134
82,77,82,241
98,80,92,270
81,64,71,216
66,82,7,155
79,6,62,147
84,59,81,224
3,0,73,76
52,99,28,179
5,72,70,147
6,45,30,81
14,5,37,56
1,46,16,63
8,6,10,24
97,94,56,247
5,88,40,133
38,11,28,77
64,61,95,220
75,16,71,162
73,70,23,166
33,17,44,94
34,82,51,167
8,87,79,174
66,55,13,134
30,27,22,79
33,6,84,123
0,27,44,71
98,38,40,176
97,59,75,231
50,98,89,237
57,97,1,155
5,98,11,114
52,45,33,130
9,39,10,58
58,62,92,212
21,65,91,177
57,21,48,126
60,13,2,75
48,22,58,128
84,2,11,97
91,90,30,211
21,36,43,100
75,74,10,159
63,25,54,142
29,31,72,132
88,100,36,224
65,15,28,108
61,54,34,149
7,62,99,168
99,78,69,246
61,12,78,151
97,33,46,176
92,81,4,177
98,64,47,209
36,62,26,124
90,6,98,194
80,12,20,112
88,35,75,198
50,19,17,86
86,5,96,187
11,87,71,169
23,29,63,115
42,0,97,139
5,81,50,136
37,80,51,168
100,33,86,219
11,87,70,168
63,99,78,240
91,37,12,140
67,10,65,142
43,14,23,80
27,99,59,185
11,95,18,124
71,16,70,157
67,10,22,99
82,14,12,108
89,35,25,149
57,47,56,160
8,69,0,77
73,93,46,212
25,1,95,121
45,95,35,175
93,54,75,222
79,9,95,183
18,83,20,121
16,96,57,169
27,88,99,214
48,60,83,191
13,58,69,140
55,41,99,195
26,44,93,163
64,61,59,184
32,53,66,151
8,80,19,107
100,24,66,190
8,37,6,51
44,35,100,179
100,68,76,244
83,29,66,178
7,58,73,138
97,93,43,233
30,0,59,89
21,50,57,128
72,31,59,162
40,57,9,106
54,92,88,234
11,59,18,88
34,87,12,133
24,79,82,185
81,52,94,227
76,51,69,196
46,87,88,221
100,13,15,128
29,48,19,96
21,24,86,131
47,29,80,156
95,2,67,164
13,86,95,194
46,39,59,144
61,30,12,103
65,22,57,144
84,45,70,199
77,61,0,138
69,22,15,106
54,76,42,172
76,0,93,169
28,11,93,132
23,56,55,134
2,13,22,37
18,51,96,165
13,54,90,157
60,47,90,197
11,76,42,129
72,10,81,163
52,63,56,171
99,56,44,199
97,6,15,118
2,59,1,62
9,97,53,159
94,10,2,106
71,84,6,161
71,66,85,222
96,96,43,235
85,96,96,277
23,51,50,124
67,31,28,126
54,58,10,122
79,1,99,179
88,43,88,219
32,8,97,137
92,45,79,216
98,17,48,163
78,90,78,246
74,79,54,207
9,85,4,98
100,42,0,142
62,75,4,141
25,5,11,41
22,26,44,92
7,50,44,101
8,60,80,148
35,87,98,220
33,55,32,120
39,53,62,154
71,27,31,129
58,37,15,110
96,9,61,166
49,62,29,140
53,5,91,149
62,55,68,185
82,68,80,230
35,40,0,75
61,82,43,186
93,72,49,214
17,93,29,139
38,59,40,137
50,86,3,139
87,93,99,279
68,51,2,121
84,16,41,141
11,85,54,150
23,27,34,84
7,23,79,109
73,80,12,165
49,55,6,110
63,88,73,224
81,54,68,203
71,53,34,158
29,51,8,88
24,94,9,127
38,84,55,177
79,62,63,204
55,65,12,132
94,100,9,203
14,24,22,60
97,95,58,250
2,16,16,34
83,69,26,178
24,77,25,126
85,52,43,180
25,82,97,204
98,92,68,258
55,52,29,136
80,59,9,148
30,21,1,52
38,51,52,141
85,46,23,154
10,95,45,150
39,36,16,91
5,97,3,105
42,5,95,142
0,76,84,160
25,66,49,140
68,78,28,174
24,77,12,113
64,47,13,124
17,44,10,71
26,60,97,183
52,20,80,152
81,11,83,175
31,54,60,145
96,67,36,199
94,6,37,137
9,5,68,82
23,47,60,130
6,34,30,70
41,22,86,149
54,78,86,218
52,60,69,181
63,28,9,100
43,22,32,97
2,19,47,68
66,1,29,96
23,81,47,151
49,82,9,140
39,93,3,135
56,39,92,187
40,86,47,173
52,58,20,130
5,1,27,33
16,29,88,133
89,6,98,193
52,73,27,152
92,73,100,265
22,67,21,110
99,35,59,193
22,42,58,122
1,97,4,102
14,77,57,148
25,99,29,153
44,18,97,159
1,82,30,113
79,71,66,216
98,12,1,111
28,54,72,154
45,46,6,97
50,47,75,172
60,4,76,140
38,74,89,201
11,9,74,94
57,74,0,131
0,24,70,94
7,53,27,87
94,59,59,212
100,92,92,284
67,13,57,137
28,77,58,163
35,94,58,187
21,28,54,103
42,92,21,155
100,39,82,221
50,0,61,111
63,34,56,153
45,41,39,125
43,22,96,161
39,71,31,141
35,93,77,205
32,48,85,165
83,39,82,204
15,51,58,124
55,59,18,132
2,11,54,67
49,54,61,164
42,94,10,146
3,98,89,190
99,59,67,225
79,6,100,185
57,36,62,155
93,38,16,147
97,14,92,203
2,44,38,84
47,42,15,104
7,81,75,163
91,19,98,208
14,64,97,175
49,80,62,191
62,3,35,100
78,93,100,271
56,24,68,148
52,64,46,162
51,22,0,73
98,61,30,189
70,3,35,108
73,61,84,218
51,53,34,138
21,5,17,43
57,68,38,163
92,47,35,174
82,74,21,177
85,55,88,228
89,78,92,259
79,15,86,180
12,21,80,113
9,90,86,185
34,53,96,183
83,93,89,265
5,96,72,173
51,54,93,198
79,23,45,147
84,66,61,211
56,13,20,89
15,1,60,76
62,59,31,152
17,6,75,98
37,39,84,160
12,59,45,116
2,92,67,161
25,74,31,130
58,91,6,155
26,62,33,121
19,62,51,132
94,85,73,252
15,38,95,148
22,39,8,69
38,88,89,215
57,43,25,125
31,11,84,126
10,9,5,24
50,14,69,133
26,51,59,136
2,12,72,86
65,7,6,78
24,62,22,108
30,19,77,126
22,25,4,51
12,7,23,42
30,60,97,187
29,23,36,88
83,29,85,197
30,80,25,135
53,13,89,155
27,23,9,59
14,69,56,139
62,45,63,170
53,44,12,109
78,77,49,204
18,56,4,78
18,46,97,161
69,68,63,200
76,11,67,154
62,29,41,132
34,80,68,182
49,50,79,178
80,38,69,187
81,59,22,162
3,66,76,145
13,19,67,99
2,81,32,115
98,76,35,209
97,25,80,202
83,35,24,142
94,2,68,164
99,71,43,213
57,8,62,127
65,46,9,120
47,87,42,176
90,57,64,211
76,46,64,186
33,67,26,126
27,34,6,67
72,98,87,257
7,85,80,172
51,94,26,171
18,4,19,41
33,66,83,182
45,80,74,199
52,73,99,224
74,77,16,167
33,26,13,72
39,35,53,127
33,41,14,88
26,82,91,199
74,45,87,206
41,94,68,203
36,33,80,149
8,5,83,96
56,60,67,183
90,18,12,120
37,13,73,123
70,46,67,183
43,49,6,98
48,48,44,140
69,48,100,217
66,68,45,179
4,30,49,83
82,73,27,182
95,58,92,245
67,60,99,226
0,65,66,131
27,6,57,90
34,22,50,106
90,33,78,201
37,94,100,231
28,13,56,97
72,36,85,193
37,87,15,139
7,55,24,86
0,6,93,99
43,59,62,164
80,1,26,107
40,93,66,199
87,41,38,166
56,36,23,115
51,3,29,83
73,97,38,208
15,42,86,143
9,95,16,120
96,5,73,174
26,77,87,190
26,51,75,152
40,40,58,138
34,89,27,150
36,48,97,181
48,1,93,142
80,22,55,157
39,29,77,145
29,94,19,142
69,24,97,190
73,73,93,239
30,68,3,101
38,2,80,120
64,73,75,212
0,0,31,31
20,62,9,91
25,65,5,95
78,95,15,188
67,79,10,156
23,93,13,129
92,0,92,184
25,73,49,147
25,94,45,164
50,67,5,122
28,17,14,59
62,61,16,139
55,21,70,146
40,38,19,97
94,1,68,163
34,51,17,102
94,26,14,134
20,42,41,103
86,99,40,225
89,40,79,208
99,23,65,187
31,98,72,201
71,94,20,185
78,28,11,117
78,52,27,157
34,9,16,59
84,94,88,266
27,90,94,211
48,90,85,223
57,6,100,163
37,52,88,177
4,8,92,104
68,64,43,175
84,23,65,172
25,35,44,104
91,47,90,228
54,80,98,232
31,1,70,102
78,83,88,249
51,28,45,124
9,43,12,64
82,20,66,168
10,20,85,115
84,46,21,151
72,97,87,256
88,59,20,167
71,40,89,200
7,38,46,91
75,99,45,219
97,57,77,231
74,64,79,217
52,58,80,190
21,13,14,48
86,100,33,219
8,56,8,72
100,89,41,230
94,58,78,230
95,35,54,184
0,19,88,107
85,95,70,250
41,66,29,136
16,14,10,40
6,93,76,175
27,67,40,134
62,81,14,157
42,40,35,117
43,50,14,107
6,100,51,157
94,9,29,132
5,1,17,23
89,55,62,206
54,57,9,120
17,44,32,93
100,45,91,236
56,69,61,186
89,78,56,223
65,46,2,113
13,29,50,92
3,11,59,73
72,39,22,133
26,75,36,137
34,44,8,86
78,69,84,231
53,57,21,131
77,79,59,215
45,8,100,153
7,35,3,45
20,33,35,88
37,96,22,155
3,2,81,86
73,27,46,146
37,50,82,169
94,53,17,164
81,63,7,151
39,20,56,115
92,35,23,150
46,89,94,229
9,58,32,99
40,70,22,132
47,35,90,172
100,43,99,242
17,94,93,204
92,7,54,153
88,9,97,194
54,21,35,110
40,91,66,197
58,52,58,168
43,83,71,197
66,100,98,264
45,77,38,160
63,68,76,207
29,38,14,81
23,83,83,189
94,56,62,212
57,3,31,91
60,8,80,148
15,50,37,102
61,88,50,199
56,0,31,87
3,57,22,82
45,71,54,170
11,9,59,79
8,7,65,80
57,6,56,119
21,95,47,163
23,30,84,137
77,39,54,170
7,74,32,113
12,69,42,123
91,90,51,232
65,62,54,181
10,13,78,101
94,2,2,98
20,36,23,79
14,68,64,146
75,35,22,132
40,92,59,191
78,44,75,197
61,55,68,184
9,85,100,194
86,56,18,160
17,3,5,25
48,11,82,141
73,13,70,156
7,94,77,178
87,65,99,251
35,21,67,123
65,42,65,172
41,63,18,122
16,40,69,125
46,95,71,212
97,9,69,175
61,59,89,209
38,10,95,143
37,68,88,193
81,36,7,124
42,6,53,101
73,13,50,136
33,30,28,91
46,95,31,172
84,24,2,110
53,63,40,156
88,30,22,140
72,2,92,166
58,34,66,158
48,11,97,156
31,72,93,196
30,54,45,129
99,83,80,262
55,39,36,130
25,18,73,116
77,73,41,191
51,88,77,216
61,60,62,183
69,0,37,106
60,3,96,159
92,94,84,270
62,15,64,141
2,17,28,47
68,32,17,117
99,79,88,266
70,89,80,239
70,83,85,238
32,58,98,188
47,91,98,236
90,29,35,154
75,62,67,204
23,65,80,168
64,5,93,162
61,49,26,136
3,37,90,130
54,62,63,179
65,17,57,139
93,48,7,148
11,76,31,118
76,27,4,107
85,78,44,207
53,44,87,184
70,48,29,147
73,26,55,154
48,98,72,218
58,32,35,125
100,88,84,272
84,54,46,184
38,72,69,179
62,16,85,163
91,87,44,222
9,39,93,141
81,30,17,128
47,15,7,69
7,92,78,177
61,71,46,178
16,10,28,54
75,76,37,188
58,62,64,184
65,6,68,139
70,64,13,147
65,7,78,150
59,55,45,159
47,89,11,147
45,28,76,149
88,77,78,243
35,54,47,136
38,46,32,116
8,10,11,29
94,22,76,192
39,60,22,121
70,68,94,232
24,96,24,144
30,41,92,163
96,65,25,186
58,93,49,200
64,73,100,237
90,33,94,217
36,46,84,166
81,62,3,146
51,26,57,134
37,78,81,196
59,67,75,201
66,91,13,170
59,14,39,112
94,73,18,185
16,22,0,38
74,39,89,202
10,0,30,40
30,42,12,84
23,63,70,156
94,60,50,204
89,76,68,233
80,85,91,256
73,51,46,170
29,4,84,117
43,30,65,138
30,67,66,163
13,7,86,106
66,23,55,144
11,29,98,138
48,84,46,178
86,19,98,203
98,52,87,237
36,60,36,132
60,66,41,167
91,84,91,266
95,39,46,180
75,87,89,251
32,24,3,59
85,10,93,188
88,48,61,197
12,96,71,179
76,28,81,185
52,72,42,166
7,55,5,67
57,32,96,185
91,32,33,156
21,24,34,79
59,61,19,139
52,30,75,157
43,30,24,97
60,37,79,176
64,13,27,104
75,40,69,184
28,6,87,121
41,96,97,234
85,36,54,175
60,65,17,142
42,10,19,71
63,53,64,180
33,89,22,144
59,38,85,182
17,33,52,102
91,77,61,229
87,67,88,242
17,71,98,186
35,84,68,187
19,93,41,153
12,26,77,115
99,99,54,252
41,58,4,103
13,19,36,68
63,58,97,218
16,31,41,88
99,22,96,217
90,99,24,213
37,92,10,139
8,75,12,95
60,70,33,163
87,83,69,239
85,29,97,211
3,79,45,127
21,89,47,157
94,95,86,275
63,54,43,160
70,41,63,174
86,64,1,151
29,80,78,187
27,8,6,41
92,63,43,198
55,49,56,160
88,62,37,187
91,14,56,161
72,25,55,152
35,75,84,194
10,9,30,49
91,32,6,129
88,0,32,120
84,56,83,223
29,1,85,115
35,28,7,70
42,22,70,134
62,33,21,116
12,2,57,71
38,14,99,151
62,2,57,121
88,73,20,181
80,80,5,165
43,71,61,175
5,38,36,79
89,59,52,200
24,49,84,157
78,67,53,198
89,69,34,192
83,54,2,139
28,100,0,128
69,42,28,139
72,54,18,144
81,55,41,177
26,38,14,78
45,64,27,136
71,85,40,196
31,49,4,84
12,29,82,123
15,92,12,119
37,81,6,124
76,57,47,180
94,61,20,175
37,96,39,172
61,80,34,175
60,77,15,152
82,40,63,185
8,41,85,134
15,98,14,127
8,89,48,145
3,7,22,32
85,36,36,157
85,92,49,226
83,12,67,162
24,89,1,114
29,73,62,164
48,99,37,184
14,12,13,39
73,27,41,141
20,91,23,134
12,70,63,145
45,95,13,153
87,59,53,199
51,75,83,209
43,100,26,169
56,79,40,175
3,91,51,145
28,94,55,177
62,11,47,120
77,2,84,163
53,13,6,72
0,10,87,97
79,8,87,174
49,44,71,164
72,62,15,149
100,58,47,205
82,96,8,186
100,6,34,140
9,44,81,134
72,8,52,132
8,69,50,127
67,21,57,145
95,94,71,260
50,34,26,110
32,33,68,133
52,54,23,129
71,62,25,158
71,79,48,198
39,21,19,79
47,63,74,184
97,17,5,119
29,96,96,221
97,78,15,190
49,51,18,118
76,18,2,96
21,39,36,96
84,32,9,125
69,71,95,235
48,95,76,219
5,8,48,61
83,39,14,136
43,89,81,213
99,13,38,150
20,40,97,157
90,69,70,229
16,80,43,139
85,63,18,166
38,38,97,173
88,15,51,154
33,70,27,130
79,68,3,150
91,70,4,165
67,1,76,144
54,83,6,143
88,24,76,188
32,95,15,142
28,26,84,138
36,96,36,168
65,53,72,190
98,49,38,185
1,84,52,137
90,11,41,142
47,37,85,169
89,50,98,237
0,28,82,110
23,44,95,162
12,46,48,106
23,71,9,103
66,19,96,181
6,16,28,50
65,63,20,148
56,93,14,163
43,52,35,130
7,2,81,90
42,9,21,72
3,22,17,42
81,80,88,249
99,50,36,185
1,54,93,148
29,80,0,109
4,21,14,39
49,43,32,124
69,6,26,101
25,75,52,152
41,75,51,167
5,92,47,144
60,33,30,123
50,49,30,129
62,36,2,100
97,44,6,147
13,3,71,87
34,20,48,102
26,42,68,136
84,63,32,179
87,39,44,170
3,94,50,147
26,99,9,134
84,15,56,155
20,99,8,127
82,31,77,190
75,88,90,253
33,45,75,153
31,59,91,181
77,11,94,182
76,4,57,137
39,52,71,162
12,91,25,128
27,75,72,174
100,88,57,245
47,19,26,92
30,72,3,105
30,66,1,97
8,89,21,118
90,15,72,177
78,86,71,235
94,99,71,264
99,8,96,203
56,45,35,136
12,13,33,58
20,33,55,108
67,85,72,224
3,51,55,109
39,23,1,63
44,36,8,88
10,13,40,63
31,74,0,105
92,97,54,243
75,1,85,161
35,99,21,155
75,49,51,175
82,54,71,207
79,74,53,206
51,65,41,157
85,13,62,160
53,30,90,173
42,46,89,177
58,24,7,89
37,23,53,113
92,32,17,141
40,63,91,194
56,56,12,124
88,60,98,246
90,8,83,181
22,93,48,163
75,22,20,117
36,2,56,94
28,43,43,114
10,20,32,62
60,96,81,237
25,94,65,184
73,3,49,125
4,59,82,145
24,54,71,149
70,74,8,152
52,39,80,171
13,94,59,166
79,34,43,156
90,32,40,162
79,65,100,244
57,65,93,215
10,57,51,118
93,27,97,217
58,22,54,134
74,75,67,216
22,80,21,123
19,56,35,110
15,6,56,77
15,20,32,67
67,9,58,134
7,0,1,8
54,99,32,185
77,73,96,246
72,24,52,148
71,85,91,247
75,54,40,169
84,61,15,160
100,37,4,141
91,47,74,212
19,58,62,139
23,18,34,75
52,46,40,138
68,36,3,107
44,56,5,105
48,13,62,123
35,52,11,98
79,52,42,173
93,54,100,247
2,65,46,113
34,20,76,130
90,45,38,173
11,63,89,163
4,33,67,104
97,90,64,251
7,100,8,115
5,43,71,119
85,26,22,133
4,66,3,73
59,25,82,166
60,75,73,208
48,45,98,191
15,13,36,64
18,62,54,134
59,42,61,162
54,51,60,165
22,55,69,146
14,0,44,58
26,74,19,119
94,72,65,231
100,31,0,131
81,14,19,114
56,86,82,224
17,71,58,146
54,14,56,124
19,27,53,99
62,66,5,133
37,81,53,171
82,14,21,117
33,87,85,205
62,16,43,121
91,26,17,134
28,13,5,46
97,78,47,222
67,18,16,101
55,95,64,214
86,46,12,144
73,92,37,202
71,85,81,237
7,29,41,77
76,71,51,198
13,98,11,122
46,25,37,108
61,99,25,185
97,71,19,187
69,77,84,230
0,44,15,59
37,54,72,163
7,53,94,154
74,49,59,182
0,17,48,65
3,25,43,71
85,31,92,208
85,13,89,187
53,99,72,224
52,13,97,162
39,2,2,43
10,65,74,149
74,0,51,125
68,96,95,259
17,83,76,176
40,26,8,74
55,19,15,89
20,52,6,78
59,0,39,98
0,44,54,98
66,95,59,220
83,76,8,167
29,64,62,155
26,97,25,148
22,86,6,114
7,76,22,105
77,87,39,203
51,48,72,171
25,30,11,66
69,100,61,230
30,41,79,150
58,86,14,158
77,62,34,173
9,46,74,129
49,68,25,142
66,10,77,153
81,22,97,200
91,89,67,247
65,23,10,98
59,30,19,108
80,68,25,173
75,88,60,223
4,49,46,99
66,11,71,148
25,32,89,146
13,81,89,183
9,20,64,93
80,36,70,186
100,19,2,121
79,87,85,251
46,74,38,158
31,69,67,167
29,27,24,80
19,30,42,91
91,13,62,166
50,55,84,189
41,40,42,123
84,83,53,220
84,47,16,147
69,100,13,182
39,1,35,75
81,92,81,254
66,4,71,141
68,20,63,151
1,65,65,131
0,37,14,51
3,72,17,92
3,61,26,90
73,58,31,162
66,77,30,173
28,80,97,205
83,39,5,127
76,14,18,108
75,44,62,181
57,2,12,71
26,36,91,153
100,62,58,220
61,79,32,172
58,35,2,95
25,59,1,85
77,13,68,158
0,18,69,87
66,29,47,142
44,12,61,117
49,22,49,120
11,17,42,70
49,1,55,105
92,84,3,179
99,61,11,171
34,88,87,209
48,7,83,138
53,44,0,97
32,3,78,113
96,26,69,191
68,30,26,124
40,66,66,172
30,31,17,78
13,29,91,133
73,9,64,146
71,78,53,202
67,95,42,204
57,8,6,71
0,10,56,66
41,66,27,134
96,81,55,232
23,29,55,107
94,12,86,192
55,69,57,181
10,14,21,45
48,2,21,71
3,88,36,127
99,69,97,265
74,95,77,246
66,58,70,194
27,92,7,126
9,55,77,141
3,85,75,163
21,69,33,123
58,61,21,140
83,75,79,237
6,88,71,165
71,95,80,246
14,41,23,78
6,42,13,61
84,47,41,172
66,2,51,119
83,55,48,186
42,83,31,156
93,10,29,132
98,33,72,203
80,96,46,222
15,82,56,153
74,19,12,105
25,54,7,86
61,41,10,112
9,66,67,142
100,55,5,160
52,77,48,177
91,49,4,144
100,83,0,183
6,47,25,78
89,13,19,121
5,41,54,100
10,2,20,32
66,20,64,150
50,82,93,225
49,78,14,141
71,81,55,207
0,46,93,139
61,32,39,132
15,92,69,176
26,99,3,128
0,59,38,97
95,22,62,179
20,87,15,122
73,80,18,171
55,80,32,167
39,23,21,83
60,71,20,151
24,63,34,121
66,70,33,169
36,64,27,127
82,49,86,217
94,87,11,192
65,65,72,202
32,83,8,123
17,37,46,100
42,57,39,138
11,96,22,129
66,37,50,153
60,17,92,169
74,8,32,114
66,52,0,118
65,94,12,171
75,10,42,127
74,89,55,218
18,37,12,67
75,82,89,246
40,33,6,79
95,4,54,153
40,87,12,139
45,2,15,62
77,78,69,224
82,75,75,232
43,1,28,72
31,26,41,98
66,56,83,205
7,60,37,104
38,88,65,191
99,83,58,240
63,89,31,183
72,94,95,261
77,90,99,266
57,100,81,238
84,26,97,207
48,43,7,98
50,39,55,144
30,61,28,119
69,86,35,190
84,11,45,140
22,79,79,180
31,71,71,173
54,4,87,145
52,31,82,165
31,67,82,180
47,83,100,230
2,7,86,95
56,40,21,117
88,16,83,187
3,56,47,106
58,57,76,191
13,90,87,190
89,36,23,148
27,95,36,158
40,69,12,121
42,11,57,110
67,2,64,133
9,49,88,146
51,93,63,207
40,74,35,149
34,45,58,137
90,84,56,230
100,61,56,217
77,10,0,87
37,59,51,147
90,88,54,232
57,48,75,180
95,38,73,206
75,73,94,242
7,37,65,109
53,33,97,183
67,22,45,134
81,77,47,205
15,81,27,123
25,32,18,75
95,54,44,193
25,66,76,167
88,58,37,183
39,57,1,97
87,30,57,174
74,84,24,182
5,83,8,96
79,75,7,161
41,75,68,184
67,68,61,196
0,83,77,160
96,72,31,199
39,62,64,165
79,40,77,196
93,39,92,224
70,49,34,153
73,13,64,150
16,67,10,93
20,99,92,211
6,88,89,183
97,40,20,157
13,70,4,87
43,8,49,100
68,78,11,157
58,24,100,182
88,58,94,240
31,15,31,77
82,25,99,206
38,48,44,130
39,89,98,226
15,70,14,99
13,97,67,177
100,32,58,190
51,74,87,212
56,23,87,166
3,69,70,142
56,41,23,120
53,32,28,113
27,15,14,56
75,40,17,132
45,42,82,169
64,49,98,211
99,19,78,196
54,90,7,151
33,29,82,144
67,6,98,171
93,1,27,121
9,90,16,115
0,34,7,41
42,30,31,103
56,73,99,228
19,11,29,59
46,53,29,128
100,12,90,202
84,37,32,153
13,94,77,184
81,3,56,140
22,35,53,110
74,46,69,189
60,2,58,120
89,76,64,229
14,70,90,174
7,15,97,119
86,38,0,124
55,0,62,117
56,34,85,175
63,12,31,106
94,69,84,247
18,81,36,135
43,62,8,113
36,0,0,36
33,44,69,146
55,43,26,124
36,41,15,92
9,66,94,169
1,96,2,99
10,37,72,119
7,96,74,177
19,84,54,157
95,32,73,200
89,100,66,255
59,48,27,134
83,90,12,185
51,74,78,203
60,96,59,215
63,23,50,136
42,6,60,108
99,38,35,172
91,37,68,196
54,15,15,84
46,53,94,193
49,39,41,129
39,8,62,109
28,96,28,152
28,85,23,136
80,7,2,89
49,99,87,235
5,83,95,183
74,28,84,186
77,95,76,248
62,61,74,197
92,94,11,197
10,54,3,67
58,24,3,85
26,7,8,41
32,19,32,83
74,78,66,218
73,30,18,121
87,4,74,165
29,80,8,117
55,22,52,129
38,4,57,99
28,61,48,137
18,1,50,69
28,35,75,138
54,49,16,119
96,67,38,201
82,77,52,211
1,55,50,106
29,85,46,160
50,25,94,169
95,16,49,160
10,98,28,136
98,55,60,213
13,95,72,180
16,72,27,115
71,71,79,221
80,98,99,277
48,12,5,65
69,16,3,88
70,80,90,240
31,70,80,181
69,52,61,182
9,24,36,69
27,13,91,131
84,14,55,153
94,20,61,175
15,94,34,143
33,28,1,62
20,47,33,100
6,26,86,118
19,25,14,58
84,54,73,211
67,28,14,109
47,55,28,130
14,67,63,144
27,7,94,128
37,28,99,164
43,63,26,132
58,58,49,165
36,37,58,131
43,26,21,90
54,100,76,230
51,2,51,104
26,94,60,180
85,64,85,234
52,7,24,83
4,51,65,120
22,35,78,135
93,75,93,261
80,41,1,122
17,68,68,153
71,34,25,130
45,100,12,157
60,71,32,163
28,19,4,51
53,36,47,136
70,45,73,188
56,18,41,115
66,100,16,182
93,21,96,210
39,62,50,151
66,95,98,259
55,47,32,134
63,95,61,219
72,2,27,101
77,81,68,226
63,82,88,233
49,12,39,100
56,59,29,144
78,14,70,162
6,98,83,187
47,41,5,93
50,86,89,225
72,88,70,230
64,43,35,142
51,17,52,120
7,83,52,142
58,41,25,124
17,83,90,190
87,15,45,147
42,64,74,180
15,49,57,121
30,16,75,121
54,7,65,126
61,28,10,99
39,40,29,108
34,92,67,193
21,24,62,107
71,2,13,86
39,51,24,114
21,85,86,192
62,49,4,115
91,42,63,196
42,29,46,117
43,97,82,222
54,85,86,225
14,93,54,161
0,76,50,126
25,18,65,108
62,95,39,196
8,90,42,140
100,32,86,218
44,34,2,80
40,59,78,177
10,76,18,104
16,88,40,144
62,30,8,100
64,51,46,161
70,0,62,132
36,27,76,139
55,35,83,173
81,33,6,120
42,50,17,109
62,21,58,141
35,56,87,178
57,36,11,104
35,22,94,151
99,87,90,276
26,90,91,207
66,14,98,178
6,24,71,101
75,97,53,225
47,83,31,161
38,41,56,135
7,50,81,138
43,93,67,203
85,87,35,207
92,20,90,202
93,10,74,177
31,68,84,183
39,71,66,176
98,16,82,196
1,77,41,119
91,65,27,183
21,12,1,34
6,2,16,24
71,6,77,154
30,85,69,184
89,55,1,145
92,56,20,168
67,31,21,119
61,13,82,156
61,24,38,123
31,96,20,147
37,77,99,213
97,75,68,240
3,2,59,64
70,53,56,179
0,17,72,89
80,31,77,188
5,75,94,174
65,78,99,242
14,98,73,185
35,77,56,168
60,66,80,206
81,82,41,204
4,76,18,98
65,38,65,168
61,16,56,133
78,76,80,234
64,25,69,158
89,46,82,217
71,72,10,153
76,98,19,193
20,19,54,93
78,90,23,191
39,49,85,173
54,60,98,212
6,53,75,134
10,56,93,159
84,95,81,260
78,6,23,107
69,3,46,118
67,50,53,170
81,7,58,146
27,51,30,108
30,30,19,79
73,86,87,246
94,29,10,133
95,11,68,174
4,50,15,69
54,4,7,65
95,54,96,245
59,85,55,199
15,37,3,55
56,34,1,91
72,25,10,107
31,60,33,124
56,31,43,130
72,86,36,194
17,81,52,150
7,49,79,135
15,59,94,168
60,52,42,154
95,60,42,197
76,73,84,233
71,39,49,159
36,72,73,181
9,9,81,99
17,42,30,89
65,18,3,86
30,81,41,152
75,6,68,149
71,18,21,110
87,20,60,167
37,4,75,116
81,92,74,247
58,28,11,97
22,31,73,126
89,60,89,238
24,25,7,56
14,95,50,159
51,95,84,230
93,46,90,229
1,95,53,149
85,96,92,273
15,69,10,94
21,60,20,101
74,61,45,180
87,22,52,161
0,46,57,103
54,23,12,89
2,89,79,170
100,94,60,254
63,76,35,174
40,92,30,162
16,10,95,121
45,51,88,184
92,25,94,211
53,20,81,154
0,0,6,6
89,100,16,205
4,50,68,122
38,8,23,69
71,17,21,109
51,7,24,82
20,10,19,49
26,1,50,77
92,81,77,250
37,3,27,67
22,69,82,173
87,92,65,244
24,42,16,82
85,92,100,277
68,57,43,168
59,67,13,139
21,0,56,77
5,49,27,81
39,27,99,165
3,38,29,70
2,4,51,57
21,98,16,135
90,33,99,222
6,55,43,104
30,81,8,119
68,49,19,136
87,5,1,93
96,71,62,229
6,78,32,116
66,24,56,146
26,2,27,55
88,84,95,267
63,60,7,130
2,77,83,162
67,28,76,171
33,71,45,149
19,50,24,93
29,52,53,134
0,67,52,119
33,40,18,91
82,17,9,108
27,20,42,89
64,33,41,138
95,7,46,148
94,77,21,192
11,77,98,186
14,40,34,88
98,3,65,166
39,11,30,80
20,92,41,153
95,48,46,189
89,10,62,161
44,4,27,75
10,14,92,116
82,12,80,174
67,85,44,196
70,72,78,220
78,38,14,130
88,57,37,182
97,52,18,167
12,8,43,63
87,8,85,180
66,72,58,196
89,12,73,174
96,66,79,241
6,70,8,84
94,7,76,177
72,57,78,207
56,40,82,178
80,24,56,160
36,63,66,165
2,42,60,104
67,7,35,109
88,86,1,175
4,92,51,147
40,20,30,90
79,15,8,102
19,26,72,117
15,39,21,75
45,19,45,109
37,92,12,141
59,46,70,175
6,33,12,51
55,67,51,173
29,86,5,120
88,39,66,193
37,3,39,79
1,27,52,80
57,42,45,144
13,77,14,104
66,11,28,105
88,96,80,264
9,78,31,118
44,30,58,132
33,89,26,148
2,41,24,67
35,2,61,98
71,43,61,175
17,49,18,84
9,24,56,89
52,35,35,122
55,34,53,142
48,99,16,163
76,4,6,86
59,63,29,151
18,72,21,111
77,63,37,177
68,36,15,119
86,81,57,224
94,31,64,189
51,36,86,173
0,14,1,15
52,12,63,127
86,12,27,125
73,86,58,217
45,52,71,168
17,37,2,56
10,36,47,93
32,33,37,102
11,77,54,142
60,44,96,200
3,51,89,143
100,18,80,198
44,25,59,128
1,1,5,7
59,27,59,145
14,67,23,104
73,26,78,177
40,93,47,180
49,39,24,112
8,42,12,62
46,15,63,124
96,51,88,235
94,8,50,152
88,82,33,203
87,25,64,176
55,0,36,91
67,44,52,163
6,55,25,86
32,86,58,176
47,30,13,90
85,41,14,140
38,9,67,114
66,70,98,234
65,4,90,159
42,49,19,110
50,51,6,107
18,97,15,130
11,39,97,147
94,10,70,174
77,69,37,183
7,51,88,146
94,70,69,233
51,65,66,182
11,63,59,133
80,47,40,167
26,21,30,77
38,40,69,147
7,3,59,69
97,10,5,112
29,14,58,101
40,9,57,106
78,81,66,225
48,32,97,177
0,80,9,89
3,6,15,24
8,31,95,134
95,59,85,239
0,96,44,140
93,68,17,178
31,45,2,78
65,66,65,196
63,74,10,147
31,42,11,84
92,68,11,171
98,93,91,282
71,81,31,183
5,68,6,79
14,37,24,75
22,23,38,83
83,82,20,185
34,97,96,227
69,8,41,118
42,0,45,87
64,65,40,169
98,18,28,144
68,40,89,197
43,9,95,147
67,21,41,129
47,28,53,128
10,41,17,68
25,17,5,47
82,97,87,266
77,73,21,171
31,8,49,88
58,68,85,211
21,49,73,143
4,86,46,136
46,57,77,180
57,33,53,143
21,73,75,169
17,32,64,113
35,54,74,163
35,37,10,82
42,82,94,218
63,40,63,166
31,78,56,165
79,28,31,138
47,56,67,170
61,24,54,139
75,58,80,213
30,89,73,192
68,17,11,96
74,71,32,177
30,55,21,106
92,83,25,200
79,42,4,125
16,11,49,76
9,44,4,57
96,47,65,208
53,73,89,215
42,66,61,169
7,17,63,87
21,91,87,199
54,75,66,195
95,20,19,134
30,47,66,143
67,67,13,147
38,58,100,196
89,29,4,122
8,84,40,132
22,22,67,111
19,16,81,116
30,45,20,95
85,16,10,111
20,12,7,39
34,13,82,129
56,22,92,170
58,57,1,116
1,63,39,103
81,35,92,208
21,18,49,88
70,36,33,139
40,6,77,123
99,75,13,187
86,51,21,158
54,22,40,116
96,44,17,157
43,13,99,155
72,25,65,162
80,21,54,155
82,36,2,120
66,20,25,111
56,71,2,129
25,30,66,121
48,28,82,158
50,33,99,182
39,58,76,173
89,34,0,123
79,31,91,201
16,29,78,123
2,77,94,173
62,33,58,153
67,5,9,81
42,16,0,58
0,71,62,133
100,77,77,254
68,85,25,178
55,63,57,175
93,72,89,254
29,50,66,145
72,76,92,240
54,5,40,99
43,87,83,213
91,10,93,194
50,92,28,170
39,9,13,61
3,20,97,120
99,96,32,227
68,70,82,220
28,57,30,115
52,26,12,90
92,58,4,154
93,0,8,101
69,42,58,169
55,89,9,153
66,18,77,161
61,61,13,135
97,40,83,220
63,21,53,137
16,97,21,134
6,12,99,117
75,5,67,147
34,9,47,90
58,60,68,186
0,27,77,104
23,34,51,108
68,93,10,171
71,38,32,141
18,77,51,146
86,13,8,107
96,72,70,238
9,3,71,83
55,21,1,77
4,98,30,132
85,24,65,174
43,21,20,84
84,12,24,120
15,48,0,63
99,49,96,244
64,76,28,168
90,30,55,175
17,2,19,38
91,77,80,248
0,0,42,42
43,43,66,152
50,54,39,143
68,7,88,163
72,83,32,187
82,93,0,175
86,28,3,117
22,36,34,92
37,64,98,199
47,17,77,141
4,72,28,104
70,44,22,136
40,80,2,122
66,35,46,147
60,2,82,144
28,9,29,66
0,49,43,92
84,59,84,227
91,66,48,205
88,86,25,199
13,98,89,200
24,22,8,54
29,57,9,95
72,71,34,177
79,6,98,183
88,56,59,203
70,74,40,184
14,25,60,99
98,34,67,199
61,23,60,144
40,97,98,235
19,19,82,120
58,33,54,145
71,54,66,191
75,43,59,177
41,7,49,97
66,91,85,242
69,69,88,226
40,27,26,93
52,58,26,136
19,87,0,106
53,90,0,143
8,41,53,102
7,57,51,115
3,50,55,108
75,27,62,164
89,11,68,168
6,97,58,161
45,59,17,121
67,60,64,191
61,20,87,168
45,86,81,212
48,82,74,204
80,94,47,221
70,10,90,170
18,80,30,128
76,23,59,158
56,37,94,187
88,70,7,165
54,97,56,207
70,78,38,186
60,69,65,194
96,52,73,221
95,11,95,201
57,41,29,127
10,54,77,141
87,80,0,167
31,70,37,138
93,28,18,139
100,1,96,197
14,76,85,175
49,22,32,103
98,95,52,245
56,47,43,146
78,96,21,195
80,81,23,184
11,37,59,107
5,90,53,148
78,25,66,169
92,26,3,121
16,86,57,159
85,87,12,184
39,12,8,59
71,7,73,151
98,57,12,167
65,14,30,109
77,91,58,226
82,12,99,193
76,51,36,163
68,50,14,132
10,68,46,124
74,16,66,156
67,77,6,150
81,63,33,177
17,18,30,65
40,18,27,85
2,73,73,148
9,63,49,121
94,11,95,200
0,72,7,79
80,94,95,269
52,89,38,179
53,70,44,167
14,20,3,37
85,81,23,189
58,87,5,150
57,75,15,147
26,8,3,37
6,29,86,121
6,12,59,77
6,81,47,134
53,52,23,128
10,85,55,150
81,24,75,180
62,57,97,216
90,26,95,211
67,34,0,101
58,48,21,127
4,7,35,46
3,22,58,83
68,86,6,160
53,31,91,175
34,50,8,92
18,92,57,167
93,1,95,189
25,9,83,117
97,33,18,148
52,49,38,139
78,61,59,198
17,71,6,94
47,71,92,210
17,49,34,100
70,84,13,167
2,3,57,62
90,32,51,173
92,72,59,223
93,77,86,256
47,62,74,183
54,48,40,142
3,27,59,89
85,48,77,210
47,80,66,193
64,62,43,169
68,36,13,117
61,63,70,194
89,87,29,205
92,48,69,209
22,23,22,67
95,47,13,155
55,39,5,99
12,34,64,110
70,79,29,178
54,14,95,163
64,23,65,152
57,8,89,154
18,39,17,74
33,34,14,81
27,17,1,45
16,31,38,85
25,94,82,201
7,25,71,103
23,33,23,79
56,85,98,239
97,9,51,157
11,80,69,160
98,66,35,199
71,50,96,217
36,71,1,108
65,14,59,138
58,84,94,236
31,78,96,205
59,85,95,239
73,64,10,147
2,79,39,120
97,1,65,163
78,9,99,186
62,45,10,117
79,89,39,207
88,18,80,186
68,84,53,205
62,9,76,147
27,19,31,77
90,35,75,200
44,61,59,164
7,22,14,43
24,75,40,139
19,24,80,123
39,19,52,110
24,87,59,170
14,73,36,123
5,93,2,100
97,71,54,222
33,64,95,192
33,35,68,136
8,54,49,111
79,8,26,113
21,16,5,42
38,91,22,151
49,31,98,178
46,4,79,129
89,0,90,179
51,41,97,189
92,79,93,264
64,25,22,111
14,17,79,110
47,7,83,137
100,21,79,200
82,38,25,145
16,45,45,106
14,73,34,121
58,61,7,126
10,68,71,149
16,69,17,102
56,40,65,161
33,26,71,130
34,87,27,148
51,13,0,64
49,56,89,194
64,58,26,148
66,40,24,130
30,95,90,215
68,47,9,124
5,45,5,55
55,0,72,127
16,74,45,135
100,12,84,196
20,67,25,112
46,86,89,221
53,33,96,182
87,28,21,136
15,74,36,125
80,0,35,115
79,94,40,213
99,72,3,174
8,34,96,138
14,98,87,199
2,4,67,73
1,76,24,101
98,46,12,156
65,55,5,125
17,58,61,136
12,36,42,90
99,67,91,257
80,95,8,183
16,11,63,90
69,27,7,103
42,99,98,239
26,90,92,208
16,83,74,173
65,22,6,93
26,7,91,124
10,19,99,128
41,11,72,124
77,62,93,232
30,69,36,135
53,35,97,185
26,71,43,140
13,97,14,124
43,54,53,150
84,52,87,223
65,83,66,214
84,39,75,198
64,75,68,207
8,89,80,177
77,33,6,116
55,85,87,227
34,34,9,77
55,53,33,141
7,82,0,89
61,99,67,227
75,99,53,227
76,7,59,142
35,43,91,169
30,37,8,75
80,44,84,208
94,19,22,135
23,12,32,67
62,61,7,130
89,8,94,191
36,6,49,91
97,81,26,204
63,64,67,194
19,80,92,191
30,67,63,160
59,29,0,88
45,29,39,113
18,29,39,86
91,28,87,206
28,73,17,118
22,87,53,162
5,66,72,143
23,89,73,185
35,1,48,84
28,2,77,107
68,29,67,164
16,35,98,149
27,3,73,103
83,47,11,141
16,66,83,165
15,39,29,83
4,45,44,93
25,67,27,119
19,83,73,175
56,26,35,117
70,41,99,210
41,61,49,151
14,66,32,112
50,62,60,172
36,78,57,171
11,61,81,153
51,12,6,69
34,71,40,145
72,18,67,157
21,92,12,125
88,65,42,195
13,94,19,126
58,25,16,99
87,35,57,179
82,99,93,274
3,58,96,157
96,82,73,251
1,90,92,183
77,58,36,171
6,76,93,175
61,23,88,172
33,35,73,141
0,38,24,62
22,3,61,86
10,89,83,182
85,40,28,153
94,44,63,201
63,2,1,66
11,87,84,182
31,87,1,119
43,72,77,192
86,84,39,209
55,3,71,129
39,86,30,155
83,10,69,162
93,90,72,255
39,96,12,147
9,45,93,147
75,31,27,133
31,18,30,79
93,70,37,200
7,16,25,48
97,70,39,206
26,55,46,127
89,12,92,193
93,23,63,179
19,11,54,84
75,78,90,243
7,59,35,101
91,27,55,173
15,11,28,54
66,99,49,214
28,8,94,130
17,93,79,189
54,8,83,145
20,45,62,127
91,34,62,187
97,29,68,194
23,56,91,170
5,15,48,68
69,81,27,177
1,19,36,56
90,26,58,174
65,42,86,193
22,83,54,159
49,43,73,165
62,99,13,174
39,97,91,227
38,11,67,116
67,44,73,184
58,48,32,138
84,91,25,200
16,84,57,157
17,34,50,101
30,78,24,132
50,75,76,201
76,100,41,217
27,15,13,55
33,51,97,181
98,43,14,155
81,63,29,173
24,78,32,134
89,80,98,267
21,26,6,53
88,74,87,249
10,83,94,187
18,52,22,92
1,25,4,30
41,79,20,140
93,48,38,179
25,78,10,113
39,43,85,167
71,48,77,196
63,17,61,141
1,83,10,94
14,40,20,74
16,5,82,103
36,41,77,154
61,78,88,227
51,98,100,249
74,74,84,232
20,6,27,53
6,37,63,106
2,37,11,50
88,84,83,255
34,80,53,167
54,77,1,132
37,59,55,151
76,79,6,161
81,46,54,181
17,35,59,111
63,44,53,160
31,66,15,112
87,85,97,269
55,5,75,135
49,51,82,182
13,44,59,116
69,72,0,141
29,29,16,74
56,22,19,97
50,32,24,106
57,34,98,189
36,5,70,111
62,20,23,105
17,5,51,73
86,11,27,124
9,13,61,83
22,74,59,155
94,73,51,218
32,85,95,212
58,9,62,129
96,5,76,177
41,85,96,222
51,37,50,138
46,83,45,174
10,46,18,74
80,50,28,158
66,65,48,179
6,5,42,53
23,74,63,160
92,99,49,240
2,91,71,164
38,75,98,211
91,92,50,233
34,26,86,146
96,45,52,193
39,49,33,121
7,39,41,87
26,98,3,127
25,92,43,160
58,87,24,169
65,8,18,91
14,45,15,74
72,88,49,209
85,26,86,197
61,77,76,214
39,17,19,75
