r1,r2,r3,label
45,74,-60,59
-97,-95,89,-103
50,-14,-100,-64
17,79,43,139
-19,98,84,163
-15,35,-68,-48
-36,4,-61,-93
20,-95,63,-12
82,49,-92,39
43,-40,19,22
-11,60,97,146
-67,8,-57,-116
-29,77,64,112
-1,-53,-84,-138
-49,-57,74,-32
26,-90,-10,-74
-81,-5,-79,-165
-26,41,98,113
3,-41,84,46
-8,85,-91,-14
-12,36,55,79
-56,-76,46,-86
49,-76,89,62
-11,-24,57,22
7,-7,96,96
-12,40,88,116
-32,62,10,40
-19,-75,76,-18
12,-57,-94,-139
-61,75,-94,-80
-98,52,23,-23
61,-85,72,48
-98,-95,-85,-278
61,49,-15,95
-92,-31,-83,-206
-60,-34,75,-19
-44,19,-34,-59
1,34,-36,-1
-91,-65,-91,-247
6,-42,35,-1
5,-40,-3,-38
-68,49,18,-1
31,-40,-24,-33
56,41,-100,-3
13,31,-41,3
98,98,-91,105
90,51,-21,120
31,-59,89,61
-19,92,-61,12
25,11,-1,35
-97,38,9,-50
-72,-60,-81,-213
27,77,40,144
73,66,-61,78
37,60,44,141
25,-64,53,14
14,65,5,84
86,71,-70,87
31,-26,-11,-6
-33,78,17,62
65,59,-54,70
-13,-87,-68,-168
-68,-27,72,-23
-93,-98,-61,-252
-92,-88,95,-85
89,37,-74,52
-68,58,-19,-29
10,-34,-35,-59
-13,65,-43,9
88,96,-56,128
-17,28,48,59
-12,51,22,61
82,-84,-50,-52
-47,37,-76,-86
-26,-27,-57,-110
-90,32,46,-12
35,-79,-65,-109
99,60,41,200
-70,50,95,75
-33,4,71,42
8,90,83,181
64,66,84,214
-98,53,31,-14
27,57,92,176
78,-33,94,139
100,-79,11,32
67,-85,5,-13
58,-97,-28,-67
67,92,7,166
31,8,3,42
96,-53,-44,-1
80,84,48,212
-43,10,16,-17
37,-100,34,-29
-61,87,53,79
-11,11,7,7
-75,-4,-5,-84
95,6,56,157
39,-22,4,21
-21,31,-5,5
84,-86,100,98
41,99,-38,102
-54,35,-35,-54
91,23,40,154
65,63,-53,75
-97,-14,73,-38
51,55,26,132
-24,-19,13,-30
37,-15,-60,-38
-98,54,-98,-142
-76,-95,-98,-269
-78,-36,-68,-182
-28,-21,-82,-131
98,-86,-68,-56
13,-67,68,14
-70,-38,-9,-117
-71,32,37,-2
-53,-73,13,-113
-3,41,-81,-43
84,-75,-83,-74
24,74,19,117
-68,-95,-62,-225
92,64,-96,60
89,-5,74,158
45,53,-49,49
-18,69,-61,-10
56,-35,32,53
87,-100,-92,-105
-14,-56,69,-1
89,87,42,218
-91,31,-58,-118
96,34,70,200
64,47,-23,88
8,95,6,109
71,75,-81,65
52,-87,82,47
-73,-86,19,-140
58,6,-73,-9
80,82,6,168
-27,-63,-22,-112
-48,6,60,18
67,-67,-43,-43
-48,48,-98,-98
25,-59,83,49
-60,0,-80,-140
27,-71,76,32
70,36,-35,71
-52,-89,-36,-177
-82,83,85,86
95,-61,-18,16
-93,-84,67,-110
-5,-80,-68,-153
76,-53,29,52
71,57,61,189
6,68,-78,-4
95,60,-15,140
-56,69,-1,12
-87,77,-32,-42
62,28,26,116
-60,-19,-87,-166
46,-28,33,51
23,90,-41,72
47,-94,92,45
-12,-17,35,6
74,78,62,214
-10,41,50,81
-6,-21,-14,-41
-10,80,40,110
5,100,12,117
50,-59,38,29
-62,-37,97,-2
-67,90,-65,-42
39,-17,-4,18
21,84,-51,54
-77,27,-33,-83
38,24,6,68
-30,33,68,71
14,-93,-74,-153
23,41,77,141
87,48,75,210
85,-92,-96,-103
-53,-46,17,-82
-1,60,-65,-6
19,-82,14,-49
50,-4,-29,17
-62,72,21,31
46,-5,-62,-21
9,-26,-64,-81
31,-97,79,13
-2,43,35,76
-82,-93,-25,-200
-26,6,3,-17
74,-5,77,146
90,21,-77,34
56,-38,88,106
-44,-67,64,-47
-14,-92,99,-7
18,84,-46,56
23,50,-60,13
-49,33,45,29
94,25,37,156
67,64,66,197
30,77,96,203
-29,-31,-33,-93
-50,92,21,63
-94,51,14,-29
-63,-58,-19,-140
17,3,47,67
75,-5,88,158
16,-4,-18,-6
-22,-74,-68,-164
-65,33,-22,-54
87,36,98,221
-85,71,62,48
38,-95,-55,-112
14,-30,-64,-80
-98,50,100,52
-34,7,-83,-110
-18,-65,-36,-119
-29,94,66,131
-65,70,50,55
99,-56,72,115
-27,40,45,58
99,-81,-93,-75
-83,-17,44,-56
62,18,4,84
-79,-54,-26,-159
-97,48,-95,-144
-58,-17,-15,-90
-94,38,-98,-154
-8,6,-59,-61
-80,-92,15,-157
19,75,-65,29
28,-88,-9,-69
98,-93,39,44
66,-46,-70,-50
-82,56,39,13
-41,70,95,124
99,-88,-45,-34
33,30,48,111
-97,15,-22,-104
7,-82,-57,-132
-63,11,-93,-145
4,-34,-44,-74
-19,81,15,77
-38,43,-6,-1
-22,65,-21,22
12,-28,90,74
43,59,-2,100
72,-19,86,139
-68,55,-64,-77
-85,88,64,67
-42,1,30,-11
47,14,-30,31
-25,-70,-53,-148
-59,96,56,93
-26,-44,-94,-164
63,72,33,168
-6,81,11,86
-22,-65,-70,-157
-38,92,-97,-43
-15,-73,13,-75
11,-91,-30,-110
-83,-57,74,-66
97,48,42,187
61,-55,-30,-24
17,2,15,34
6,-15,-8,-17
6,50,68,124
-22,-58,-65,-145
93,-2,-40,51
40,76,-4,112
71,-78,-35,-42
-73,-79,-63,-215
1,67,-24,44
91,58,-42,107
44,83,36,163
-38,38,99,99
-48,-13,81,20
-77,94,-56,-39
50,74,-46,78
-19,66,61,108
40,-95,71,16
-29,-94,28,-95
56,31,-90,-3
88,25,35,148
-11,36,51,76
-48,68,94,114
10,70,95,175
89,-95,56,50
-49,-51,51,-49
-9,62,11,64
-26,-55,86,5
-10,28,90,108
-47,-54,91,-10
98,-29,79,148
-5,60,-38,17
50,60,10,120
56,3,19,78
-79,62,-51,-68
12,46,-11,47
19,16,66,101
28,58,-18,68
89,-78,53,64
98,11,57,166
-82,59,62,39
93,57,40,190
-75,81,-23,-17
-3,-38,13,-28
55,2,49,106
47,58,-34,71
46,-33,96,109
-79,55,79,55
18,74,57,149
-4,57,95,148
27,12,74,113
-62,38,-39,-63
86,48,-86,48
-98,-16,-27,-141
15,85,-14,86
-87,-38,-20,-145
-45,75,83,113
-94,-69,-14,-177
66,3,-90,-21
66,-90,-3,-27
-19,-37,-34,-90
-72,-81,-63,-216
41,-5,99,135
-68,40,75,47
-50,-63,-91,-204
-57,65,82,90
-79,96,-13,4
-69,21,-72,-120
16,22,-31,7
79,-82,-69,-72
13,97,91,201
61,-29,26,58
-29,-48,-57,-134
-36,-94,-27,-157
87,69,62,218
-72,23,38,-11
60,98,-11,147
-70,11,-33,-92
-4,61,32,89
13,-30,-1,-18
-95,-58,90,-63
23,-11,62,74
86,65,58,209
81,36,-6,111
-9,31,-36,-14
-74,-47,72,-49
-49,15,-53,-87
12,58,-49,21
-58,-46,-36,-140
38,22,-80,-20
-31,93,-47,15
-72,72,-89,-89
13,64,14,91
65,-26,-80,-41
-94,-43,18,-119
17,-12,-19,-14
-15,-57,56,-16
-1,-25,52,26
29,60,41,130
-38,-29,4,-63
-29,-71,66,-34
-40,85,27,72
34,-40,-34,-40
40,72,-49,63
1,91,-25,67
25,22,58,105
-81,-27,-21,-129
-43,-12,87,32
66,91,34,191
64,81,2,147
-98,84,62,48
91,72,-43,120
13,35,89,137
-90,16,-69,-143
74,-94,-18,-38
69,-43,25,51
53,-28,45,70
-72,-64,-28,-164
95,89,5,189
50,32,80,162
92,-28,50,114
33,-67,-12,-46
20,28,87,135
28,10,14,52
89,91,59,239
97,35,-40,92
-84,19,74,9
62,-47,-39,-24
13,85,45,143
37,50,-37,50
87,-6,85,166
-89,83,67,61
91,87,-16,162
9,48,47,104
-55,1,-12,-66
42,-35,43,50
98,-36,5,67
39,-42,-48,-51
-20,-4,-66,-90
32,74,14,120
-97,-79,-50,-226
8,-46,-73,-111
-28,-87,-7,-122
9,-54,16,-29
74,80,40,194
4,87,47,138
29,-76,63,16
81,-9,65,137
-40,-68,100,-8
30,-72,30,-12
-82,-66,-80,-228
52,-32,91,111
-67,71,-76,-72
96,-81,-24,-9
11,16,-10,17
-50,24,45,19
36,-13,27,50
-22,38,17,33
5,28,-76,-43
27,53,82,162
-85,-89,96,-78
-1,-3,-30,-34
21,-22,32,31
6,86,-92,0
-32,-59,11,-80
12,90,-64,38
48,92,-92,48
-40,44,51,55
-58,24,-19,-53
3,-79,-62,-138
-67,23,-31,-75
-93,-52,41,-104
100,90,68,258
-95,45,-52,-102
-96,-55,50,-101
70,-94,-9,-33
-49,-16,53,-12
-63,-67,39,-91
-76,-54,-53,-183
34,-5,-54,-25
-4,-93,-33,-130
97,19,48,164
84,46,76,206
94,-71,89,112
-89,-31,21,-99
-21,-4,-80,-105
88,-58,-95,-65
-55,73,9,27
-81,95,73,87
-34,99,61,126
10,73,-81,2
24,53,17,94
7,25,-84,-52
-63,66,-68,-65
-66,-37,-43,-146
-44,17,-2,-29
17,8,-21,4
51,100,-64,87
45,-51,4,-2
70,35,91,196
-67,13,-58,-112
76,-5,30,101
-9,35,10,36
69,-5,-12,52
-50,-57,12,-95
-96,-6,99,-3
-10,-89,-64,-163
94,-78,52,68
95,-75,40,60
-43,67,-60,-36
67,26,84,177
80,9,31,120
-55,-76,21,-110
-52,-61,27,-86
100,-4,-10,86
-12,-100,49,-63
-22,75,95,148
-11,-31,-34,-76
37,45,5,87
47,44,-18,73
-2,36,-51,-17
-36,19,10,-7
96,20,65,181
65,-39,74,100
-8,91,-99,-16
100,64,-19,145
91,97,26,214
-53,-80,98,-35
-72,-50,-47,-169
26,-76,35,-15
54,-63,-3,-12
64,96,66,226
-42,62,39,59
-27,85,-17,41
-42,24,-44,-62
31,-22,90,99
-74,-52,41,-85
57,-29,40,68
-88,-28,-19,-135
39,68,-14,93
-34,38,18,22
-99,24,85,10
-66,-11,-15,-92
41,41,-46,36
2,81,52,135
-55,-58,88,-25
2,-98,62,-34
42,88,-55,75
-99,-50,-79,-228
22,23,-39,6
84,-90,41,35
-68,81,-60,-47
10,10,98,118
-70,97,43,70
-4,-33,3,-34
64,32,-52,44
-83,16,-77,-144
56,96,46,198
-90,-71,86,-75
67,-19,1,49
-4,13,-43,-34
-59,36,-66,-89
63,-18,67,112
86,81,43,210
24,90,88,202
-64,72,-72,-64
-22,-2,-36,-60
20,-49,41,12
72,7,-23,56
-4,-22,25,-1
25,-62,-100,-137
90,56,-61,85
-82,-49,-38,-169
74,-39,66,101
19,-28,11,2
2,-65,-28,-91
90,-79,-98,-87
-97,-66,-28,-191
-65,65,85,85
-25,15,-87,-97
-5,-72,19,-58
-95,-84,-65,-244
76,-66,-24,-14
-96,79,-55,-72
28,-86,22,-36
21,90,30,141
87,46,2,135
86,100,-11,175
-100,99,43,42
85,60,-16,129
50,-33,40,57
27,89,67,183
-95,-80,-46,-221
90,-19,2,73
57,-38,-56,-37
-18,47,56,85
67,78,-77,68
91,35,-56,70
52,72,55,179
-50,67,27,44
-4,-17,41,20
-55,-5,73,13
-73,-3,-7,-83
-67,-44,-5,-116
44,-36,50,58
-93,51,63,21
-90,70,-59,-79
89,-40,-30,19
19,-9,-86,-76
55,5,94,154
-82,-60,75,-67
-52,51,9,8
57,-79,-81,-103
-18,61,30,73
30,-73,94,51
33,29,12,74
29,-7,-57,-35
-100,78,6,-16
0,70,48,118
-42,-59,81,-20
-41,-6,-60,-107
-35,35,-24,-24
-44,14,-99,-129
-42,85,82,125
-47,-9,-57,-113
-71,-64,-97,-232
-59,99,90,130
87,31,-77,41
74,60,-16,118
29,-46,96,79
38,68,-88,18
15,11,12,38
24,61,16,101
-63,-3,22,-44
-9,-92,79,-22
88,68,1,157
-29,66,-2,35
31,23,-65,-11
57,22,92,171
-28,34,-33,-27
23,-21,-64,-62
44,-64,-53,-73
-73,-16,-38,-127
87,78,40,205
53,90,46,189
79,-2,-90,-13
-6,0,56,50
76,33,12,121
-50,16,-7,-41
25,-22,33,36
57,21,-22,56
92,56,32,180
97,-47,48,98
-71,-81,-75,-227
71,62,53,186
94,-64,72,102
-69,-100,-86,-255
-95,95,66,66
-95,-54,98,-51
77,-29,49,97
-55,16,-71,-110
19,-43,40,16
-19,-42,85,24
-63,-88,32,-119
-70,-19,-56,-145
31,33,82,146
-77,-65,-28,-170
39,-36,-25,-22
76,-66,13,23
-68,-42,-71,-181
40,91,15,146
-48,4,57,13
-63,18,-25,-70
-33,58,86,111
45,13,-14,44
-48,-67,-77,-192
86,72,-15,143
-43,-42,-53,-138
-96,99,66,69
44,-85,-85,-126
3,-74,-7,-78
0,-53,-42,-95
66,91,-89,68
-2,-57,-38,-97
-30,31,-35,-34
-32,69,-45,-8
1,-33,94,62
-85,-44,60,-69
-45,3,7,-35
-11,-4,-16,-31
-35,-66,77,-24
42,82,77,201
-4,55,-60,-9
-78,90,86,98
45,37,-78,4
64,65,30,159
-79,81,-14,-12
-44,-75,57,-62
98,61,-53,106
28,-63,-26,-61
23,60,-10,73
64,23,98,185
-2,7,15,20
-22,-59,39,-42
9,-85,95,19
-45,61,72,88
-95,-65,-24,-184
-60,-72,-53,-185
-3,-99,69,-33
-52,86,-16,18
79,-71,-3,5
90,66,-73,83
-56,32,52,28
-26,97,42,113
-82,-85,69,-98
33,85,-92,26
39,80,27,146
-29,-60,23,-66
63,-74,-72,-83
-99,-83,91,-91
-49,38,88,77
-56,-83,30,-109
-89,25,52,-12
99,-52,-5,42
35,-96,-26,-87
-56,-97,61,-92
-22,-78,71,-29
-99,69,80,50
-55,73,52,70
-63,73,-55,-45
75,-90,58,43
16,35,80,131
-17,-4,7,-14
69,81,-38,112
91,-5,-30,56
-23,68,-58,-13
63,30,14,107
52,-60,-48,-56
88,-37,40,91
62,43,-91,14
94,-23,-73,-2
-23,79,-33,23
52,-99,42,-5
-1,84,48,131
30,-14,30,46
-77,34,-35,-78
-5,-99,-6,-110
64,92,-9,147
94,-42,-70,-18
-28,-45,-47,-120
-28,-23,41,-10
13,-79,57,-9
-14,26,75,87
33,-26,59,66
-5,-4,31,22
56,39,-6,89
-82,86,-80,-76
65,-15,-43,7
-11,-48,60,1
40,21,-82,-21
20,28,-28,20
28,22,-15,35
-37,-52,-49,-138
-9,-62,-3,-74
-48,73,39,64
6,81,-92,-5
87,58,18,163
47,-97,-14,-64
26,75,-100,1
-50,18,-13,-45
30,49,20,99
36,19,-48,7
100,24,-6,118
51,-70,-11,-30
56,35,-29,62
56,-50,-78,-72
79,-16,-78,-15
47,84,92,223
20,6,42,68
57,-26,-8,23
89,-71,-58,-40
-31,-62,33,-60
-19,53,-39,-5
66,-36,7,37
-73,-85,-13,-171
-73,-99,-35,-207
61,90,-82,69
31,-26,86,91
-99,-52,1,-150
-25,23,-45,-47
13,-27,19,5
72,-79,79,72
-54,76,-72,-50
23,19,1,43
22,-19,-86,-83
-60,93,2,35
73,95,-84,84
32,7,-97,-58
-21,28,74,81
-90,-73,-94,-257
-91,59,-76,-108
13,-35,-37,-59
-18,75,41,98
-42,23,51,32
-13,16,69,72
-10,-98,-20,-128
-46,69,29,52
74,28,-87,15
-78,58,-11,-31
9,-79,-56,-126
-72,-53,21,-104
5,-95,-77,-167
-75,82,46,53
-77,-32,32,-77
-28,-84,95,-17
32,-5,35,62
-83,78,-78,-83
-21,-34,35,-20
77,9,20,106
98,-76,30,52
-9,-8,88,71
-92,-13,-61,-166
-47,48,-32,-31
-97,3,70,-24
-84,-97,-13,-194
-71,-39,44,-66
-84,55,-88,-117
-47,24,-23,-46
10,41,-24,27
64,-49,-83,-68
30,-34,-15,-19
-21,51,83,113
3,-90,48,-39
-79,-72,-2,-153
-44,55,56,67
39,93,-74,58
-38,50,55,67
-72,-99,44,-127
87,51,79,217
-52,23,30,1
-48,-66,47,-67
94,-66,-49,-21
-5,57,-90,-38
-65,57,59,51
-94,-71,-42,-207
-46,-73,-3,-122
48,-56,-87,-95
41,-23,77,95
87,-3,-9,75
-4,35,11,42
88,50,-42,96
-50,-9,21,-38
-40,29,23,12
-54,26,84,56
-11,23,9,21
-17,12,-16,-21
62,-82,-61,-81
-83,67,4,-12
32,-74,40,-2
51,-61,14,4
24,-18,-93,-87
-48,-55,31,-72
-94,42,78,26
43,44,15,102
21,-84,40,-23
-10,-17,79,52
76,-28,-52,-4
-85,92,16,23
43,-72,-11,-40
-73,-9,78,-4
-66,100,-76,-42
-3,52,49,98
13,76,-94,-5
0,-4,-70,-74
-50,-63,-81,-194
8,59,-12,55
87,-94,61,54
86,16,-49,53
6,53,8,67
-6,45,-90,-51
-73,-96,-80,-249
98,-79,-88,-69
71,89,57,217
-50,55,-11,-6
25,-67,-86,-128
-69,44,42,17
-91,45,25,-21
86,-81,-18,-13
36,-90,-91,-145
-44,-41,-5,-90
94,1,-79,16
-80,33,-64,-111
-28,85,17,74
60,25,-84,1
-11,-86,11,-86
64,11,-1,74
2,-34,-40,-72
15,44,88,147
-44,-100,-85,-229
15,35,-50,0
15,62,-70,7
-27,-53,-43,-123
13,-11,-96,-94
50,8,62,120
-76,98,-85,-63
-75,-81,-74,-230
-49,-54,-91,-194
74,95,71,240
29,-72,-62,-105
-1,30,89,118
40,-69,-94,-123
-18,33,3,18
56,35,19,110
-5,57,27,79
16,79,33,128
27,97,-63,61
-95,-71,-34,-200
0,47,80,127
2,-96,65,-29
-22,54,-71,-39
-80,-11,18,-73
5,52,92,149
11,9,43,63
84,-67,-8,9
53,-81,97,69
-16,79,-96,-33
-70,-28,41,-57
-97,12,-35,-120
-27,-89,-99,-215
2,6,-77,-69
-11,-19,74,44
-6,6,-64,-64
47,-16,56,87
-15,12,-72,-75
-91,20,-57,-128
-32,13,88,69
36,61,98,195
22,84,20,126
-41,30,-73,-84
72,41,8,121
60,46,-54,52
-78,-62,68,-72
95,42,32,169
-35,-96,46,-85
67,-37,-100,-70
-11,47,44,80
-77,40,85,48
64,-79,-60,-75
-45,81,78,114
41,-23,39,57
25,81,-88,18
93,68,1,162
9,-33,28,4
94,-86,-77,-69
-10,26,95,111
1,100,-86,15
-36,-50,90,4
89,56,-36,109
-70,-6,21,-55
-26,-16,94,52
-30,65,77,112
78,-27,-69,-18
6,72,79,157
-7,-26,29,-4
3,68,-89,-18
-8,89,-22,59
71,-12,-44,15
-67,-14,86,5
-51,58,-37,-30
-31,-70,46,-55
43,40,-15,68
-60,-34,47,-47
64,72,-85,51
83,-20,-15,48
-16,-38,-24,-78
-2,42,-38,2
25,-49,98,74
25,-69,36,-8
36,21,-90,-33
54,36,68,158
-48,-29,83,6
98,93,-32,159
-90,-26,0,-116
-53,68,11,26
-6,-76,-54,-136
-45,5,19,-21
32,-97,61,-4
-33,65,70,102
9,-24,-99,-114
-28,2,-53,-79
-72,-61,-3,-136
-84,56,-19,-47
-91,-2,-13,-106
-80,-81,-95,-256
73,36,76,185
-75,71,-59,-63
-36,-81,17,-100
-36,-12,36,-12
71,-79,6,-2
-76,-50,29,-97
-8,-99,44,-63
85,-74,38,49
-90,-82,86,-86
-90,-49,5,-134
-35,12,-79,-102
26,30,46,102
-62,29,43,10
-84,62,-10,-32
4,47,82,133
74,94,20,188
15,-80,3,-62
-47,22,70,45
-2,-33,45,10
2,18,13,33
62,82,-93,51
-86,-50,-78,-214
60,19,-85,-6
27,83,-6,104
-44,74,67,97
-34,49,-74,-59
59,-61,3,1
50,-64,27,13
15,52,10,77
34,-39,-41,-46
28,-39,94,83
17,25,19,61
89,-100,-92,-103
-51,-89,39,-101
-79,87,90,98
-15,-44,-15,-74
16,-68,3,-49
53,52,-72,33
-100,-44,-25,-169
-65,-6,30,-41
-16,29,-83,-70
99,-8,-1,90
-53,-25,97,19
-77,15,75,13
19,-94,31,-44
35,80,-8,107
-73,-23,-41,-137
-100,36,-27,-91
-32,-44,-30,-106
6,-73,43,-24
87,24,-60,51
86,74,28,188
71,3,-81,-7
-3,11,36,44
-34,3,-89,-120
78,2,34,114
-18,-37,-74,-129
-57,49,-62,-70
-59,38,10,-11
70,-82,54,42
-11,-82,71,-22
13,-93,62,-18
-26,-77,-33,-136
26,-33,-99,-106
-42,94,8,60
-69,-15,-67,-151
-73,18,-87,-142
13,50,53,116
-48,54,43,49
-95,-11,54,-52
-38,52,62,76
53,58,-26,85
41,-25,62,78
-55,-14,-59,-128
48,55,85,188
-17,-32,-20,-69
-12,0,80,68
-39,19,-77,-97
27,-86,-23,-82
7,-54,-63,-110
92,-48,-33,11
0,26,86,112
-70,58,20,8
24,88,67,179
-100,-41,-88,-229
53,9,14,76
90,-66,30,54
-95,-16,56,-55
57,12,51,120
68,-21,67,114
-2,-6,25,17
72,20,-17,75
-26,17,-93,-102
24,27,15,66
-3,-13,67,51
-52,-67,-40,-159
87,94,-86,95
-42,1,-95,-136
27,85,-79,33
-30,-92,-78,-200
-93,10,18,-65
-20,-31,25,-26
-34,-21,-9,-64
-20,7,32,19
83,-68,-2,13
-92,-25,43,-74
11,5,83,99
-68,-19,52,-35
47,77,43,167
84,-58,20,46
76,0,-9,67
79,89,-19,149
66,94,-13,147
96,32,-68,60
-17,-17,86,52
73,93,68,234
-42,-82,79,-45
-19,-20,33,-6
14,-74,-43,-103
-18,49,73,104
55,35,83,173
-48,-4,69,17
36,-100,88,24
50,62,35,147
72,-13,-67,-8
-1,-41,70,28
-37,-37,-35,-109
83,57,14,154
100,98,13,211
4,65,-36,33
-19,8,-45,-56
-77,-16,-34,-127
55,33,73,161
76,-60,-14,2
81,57,13,151
-94,83,-43,-54
-22,87,-39,26
21,-48,29,2
-48,5,30,-13
-76,81,-24,-19
-23,29,75,81
-73,1,-4,-76
-94,86,58,50
-48,-11,-89,-148
-29,-3,75,43
45,-8,-54,-17
-76,-30,81,-25
69,68,13,150
-61,25,-98,-134
-63,-1,8,-56
41,34,71,146
16,-62,90,44
91,97,37,225
95,11,-9,97
-74,0,62,-12
-4,77,3,76
-62,-26,-57,-145
4,-84,-25,-105
41,84,21,146
23,-1,-51,-29
-20,46,19,45
6,50,-44,12
26,99,38,163
31,43,98,172
61,-93,-69,-101
83,-86,100,97
68,80,-5,143
-17,99,-19,63
63,-37,30,56
-26,87,-90,-29
67,-4,52,115
78,41,-3,116
46,-44,-84,-82
-26,25,-52,-53
-88,89,90,91
36,38,33,107
-87,-29,-24,-140
-75,-20,-11,-106
97,-75,30,52
18,84,9,111
-51,-51,24,-78
-59,-13,22,-50
17,-49,-82,-114
-79,-57,-52,-188
88,-32,-55,1
77,-12,14,79
99,93,90,282
92,-43,86,135
-75,23,40,-12
-68,71,-37,-34
33,88,-13,108
-94,86,-70,-78
-42,-3,10,-35
-34,-22,-98,-154
79,-98,-50,-69
-63,-56,19,-100
-16,95,82,161
0,-76,28,-48
-96,76,39,19
79,-48,-24,7
-95,62,-58,-91
-88,-47,-52,-187
-89,-75,17,-147
71,-89,17,-1
-31,71,-100,-60
-25,-56,13,-68
-8,-75,-20,-103
63,-8,-96,-41
-100,-44,-11,-155
-66,-27,-80,-173
73,36,-16,93
-33,11,28,6
-15,-36,-24,-75
-95,89,29,23
50,24,62,136
-40,-63,65,-38
39,-2,-39,-2
64,8,95,167
-37,-2,59,20
-77,72,62,57
-24,20,51,47
47,73,41,161
-73,61,-72,-84
45,-70,52,27
-38,77,-99,-60
-49,41,-25,-33
-38,-8,-30,-76
81,3,97,181
68,-100,47,15
93,-38,-72,-17
-93,69,-91,-115
13,93,-19,87
-23,12,64,53
44,18,26,88
13,86,39,138
20,-11,62,71
98,100,9,207
72,99,90,261
84,-57,-95,-68
-54,-70,-54,-178
68,40,-79,29
48,-64,-64,-80
28,14,-58,-16
45,72,33,150
24,61,57,142
-5,73,7,75
-3,5,67,69
43,71,-74,40
73,99,-50,122
26,80,1,107
38,-3,87,122
34,-93,-64,-123
-60,82,-80,-58
98,99,9,206
71,33,-22,82
-98,73,-93,-118
-35,-16,16,-35
-71,47,-66,-90
31,-88,-5,-62
-24,-35,-48,-107
95,-6,-70,19
81,-21,-35,25
-52,-33,73,-12
-4,-3,-15,-22
-99,86,-56,-69
89,56,41,186
2,-51,-7,-56
-88,54,48,14
36,-76,29,-11
-43,-84,-84,-211
26,-96,-11,-81
64,-89,35,10
2,-49,-20,-67
-12,-82,87,-7
56,84,-90,50
64,45,-35,74
26,-91,32,-33
-36,51,97,112
-62,-37,-27,-126
-70,-53,64,-59
64,59,19,142
-5,27,-80,-58
14,-7,-67,-60
-56,13,-7,-50
-29,57,13,41
27,-39,-67,-79
-92,-39,-17,-148
-90,-73,40,-123
39,7,-9,37
78,5,-63,20
-92,-17,83,-26
-31,12,9,-10
7,1,32,40
58,-98,20,-20
-85,63,-34,-56
-65,31,20,-14
-16,62,-68,-22
-41,-22,7,-56
-28,-21,62,13
73,62,22,157
-76,-83,78,-81
-34,-37,84,13
54,-50,-69,-65
97,67,7,171
-51,92,27,68
-31,-71,-100,-202
-32,77,22,67
-55,52,-14,-17
1,-75,12,-62
76,-91,57,42
-99,-71,52,-118
75,78,-62,91
-7,37,73,103
-86,67,52,33
54,100,-29,125
-43,-64,-51,-158
-67,77,-10,0
-44,83,72,111
-74,-14,-86,-174
-82,-24,-73,-179
-40,-68,6,-102
0,-75,21,-54
-53,-87,-21,-161
-97,39,73,15
-50,-8,99,41
39,-91,-98,-150
82,-2,0,80
42,98,-7,133
59,-7,-43,9
-75,92,52,69
70,54,-33,91
42,-26,82,98
-10,41,46,77
-20,36,-55,-39
-72,14,-63,-121
57,-90,83,50
9,-38,-68,-97
-80,36,-94,-138
69,36,37,142
9,-37,-46,-74
14,-21,84,77
-52,62,-54,-44
-64,-66,7,-123
77,49,-4,122
74,45,32,151
-74,38,65,29
2,-96,96,2
-63,-81,47,-97
-64,54,69,59
46,-81,-64,-99
-14,-88,87,-15
43,-36,84,91
-68,-75,34,-109
-18,-93,-38,-149
23,78,-37,64
69,65,55,189
37,-3,-12,22
86,3,-43,46
47,92,26,165
-82,-18,91,-9
-1,-10,-91,-102
40,58,-50,48
32,96,-99,29
100,-57,3,46
-38,54,58,74
-63,54,-80,-89
0,70,57,127
-67,95,-67,-39
-55,-27,2,-80
-82,56,-24,-50
36,-18,-53,-35
-85,-42,-96,-223
-54,-70,-46,-170
-63,46,26,9
89,87,-79,97
79,41,-73,47
-36,-14,2,-48
62,-1,30,91
86,64,-1,149
4,-82,4,-74
-73,23,-47,-97
65,-39,69,95
-46,-22,-80,-148
49,79,88,216
33,-22,66,77
80,-95,43,28
-7,-31,-9,-47
27,31,-13,45
81,7,3,91
27,-59,24,-8
9,-41,-98,-130
65,64,-68,61
-34,61,71,98
33,-73,96,56
-4,6,3,5
-98,2,-23,-119
9,-81,-1,-73
14,56,46,116
-4,30,97,123
-57,79,40,62
-7,65,43,101
56,-46,40,50
-83,19,-55,-119
12,-47,-81,-116
-57,-45,55,-47
19,21,-25,15
-37,27,45,35
41,-20,-64,-43
-4,-32,40,4
79,-99,21,1
21,22,-93,-50
-13,42,-77,-48
-45,86,-60,-19
74,-60,55,69
58,37,10,105
44,-83,-41,-80
34,89,17,140
-97,38,-13,-72
18,1,93,112
-47,5,-82,-124
59,59,-83,35
-33,84,29,80
-6,-76,16,-66
7,22,10,39
49,-71,30,8
3,27,70,100
-36,-99,-19,-154
20,-48,-64,-92
77,-58,-15,4
-50,43,31,24
43,-8,-97,-62
91,-91,85,85
90,17,71,178
-1,10,-60,-51
25,-74,-38,-87
-50,72,19,41
-98,-76,85,-89
74,6,-29,51
63,7,98,168
-53,-87,-25,-165
34,-95,-64,-125
-38,-24,-73,-135
30,85,-83,32
-28,-13,79,38
-46,52,33,39
76,-39,14,51
-34,-100,-92,-226
-4,62,-22,36
92,-83,-39,-30
-16,-58,6,-68
41,39,-87,-7
-94,-19,45,-68
-42,88,-94,-48
-35,43,9,17
-86,95,-22,-13
-46,-53,-17,-116
-38,41,-21,-18
-50,-13,-1,-64
31,75,90,196
17,94,20,131
74,-69,3,8
-8,82,18,92
31,-52,95,74
99,-78,25,46
48,-46,79,81
41,-10,-57,-26
69,-55,24,38
-16,63,35,82
92,27,90,209
-23,25,-72,-70
-77,80,-22,-19
-82,-12,96,2
22,-25,-31,-34
-5,-28,63,30
66,82,-91,57
-34,-35,-17,-86
59,18,-18,59
-69,16,42,-11
-37,-2,43,4
-27,-86,-94,-207
19,-49,22,-8
-51,-33,20,-64
55,-13,2,44
72,-21,70,121
-29,80,-54,-3
77,-5,-42,30
-42,4,67,29
-52,5,-27,-74
79,78,-25,132
-25,69,-13,31
-67,71,100,104
-26,-54,82,2
-63,-42,75,-30
-6,6,56,56
35,55,3,93
-53,-68,-96,-217
45,-80,69,34
-54,81,-84,-57
41,-52,-98,-109
81,88,2,171
56,-36,-40,-20
10,-56,77,31
7,73,-37,43
-47,63,-13,3
-66,85,4,23
-7,-60,-83,-150
-68,57,69,58
-76,53,53,30
97,-52,-63,-18
6,13,-50,-31
5,-30,13,-12
-77,-66,-70,-213
-80,19,61,0
-53,91,-44,-6
-1,-29,-72,-102
50,-75,3,-22
47,89,52,188
-52,93,54,95
24,-33,-39,-48
-16,10,35,29
46,-16,-4,26
-99,65,-7,-41
-5,29,35,59
-62,53,-12,-21
-56,-20,-27,-103
-18,-92,4,-106
-36,-47,85,2
-52,16,-79,-115
52,-100,66,18
-61,79,75,93
-97,-9,-38,-144
-87,-6,-48,-141
-67,32,26,-9
61,5,-12,54
95,-85,-83,-73
-34,48,65,79
-96,78,91,73
-50,89,19,58
-92,13,63,-16
41,36,16,93
36,84,28,148
-11,-6,-61,-78
91,-91,-49,-49
-80,-4,-33,-117
-89,62,-45,-72
14,-96,-29,-111
-95,95,49,49
-19,21,66,68
24,13,91,128
45,69,-1,113
41,26,-43,24
36,70,70,176
0,-93,-67,-160
-45,-53,-24,-122
-50,-85,15,-120
94,51,21,166
2,-22,-68,-88
22,96,52,170
-13,-69,-50,-132
-82,-86,-76,-244
30,92,85,207
31,84,-30,85
42,-20,-18,4
-43,-26,43,-26
-96,89,19,12
36,92,-47,81
-30,-72,30,-72
25,41,-26,40
-78,-4,50,-32
12,-60,-69,-117
42,-33,-13,-4
-89,-91,80,-100
-76,-42,80,-38
-95,78,27,10
12,19,40,71
-65,-72,20,-117
-84,-79,10,-153
-62,3,-71,-130
-7,-25,38,6
-35,16,-92,-111
-47,28,-64,-83
23,-82,-51,-110
9,-11,-77,-79
-98,-4,-27,-129
-92,63,-28,-57
78,23,-44,57
-17,-1,-34,-52
1,50,59,110
21,53,37,111
38,32,87,157
14,-25,-24,-35
-23,52,55,84
21,-8,88,101
92,-84,6,14
59,-94,-37,-72
32,0,44,76
18,56,-62,12
31,50,40,121
-43,-86,76,-53
91,-22,-65,4
-50,82,72,104
-22,-33,4,-51
99,29,29,157
24,-22,10,12
-74,64,66,56
-62,84,96,118
-42,-37,-97,-176
83,55,30,168
-56,-11,67,0
100,31,29,160
89,-90,70,69
-61,-83,52,-92
-50,-2,-42,-94
-55,-86,20,-121
-77,-44,8,-113
-21,91,-48,22
0,64,1,65
18,-13,-88,-83
-70,-6,-56,-132
43,70,100,213
47,89,82,218
20,94,-15,99
4,-33,-36,-65
22,36,72,130
8,15,-11,12
-73,-44,-93,-210
-97,25,34,-38
96,-18,24,102
-28,-100,-38,-166
-56,96,-95,-55
0,19,49,68
56,10,-35,31
16,55,47,118
-1,42,22,63
34,-39,46,41
-72,-47,-66,-185
-87,-59,90,-56
-72,-36,-46,-154
39,5,50,94
-69,-75,10,-134
9,-57,-50,-98
88,-5,-46,37
-60,-77,4,-133
37,41,-80,-2
-24,-74,99,1
-77,41,38,2
-41,-85,45,-81
15,-67,82,30
18,-96,-86,-164
-77,-5,-52,-134
-68,0,-22,-90
-31,-79,-39,-149
44,84,66,194
84,-54,99,129
-26,-17,37,-6
-12,80,-40,28
45,59,-46,58
-55,-74,-15,-144
17,-76,19,-40
-75,-32,55,-52
61,-50,-39,-28
4,-70,-12,-78
-61,-98,93,-66
-34,-15,-7,-56
67,69,84,220
21,-64,56,13
55,2,-25,32
37,41,-99,-21
20,-77,28,-29
-47,82,-28,7
-81,-35,33,-83
-26,15,-39,-50
-61,-37,97,-1
-40,-59,2,-97
75,19,52,146
38,76,-44,70
-89,-81,37,-133
53,62,40,155
11,25,-29,7
-8,85,-31,46
-33,13,-17,-37
-62,83,-59,-38
-15,97,-32,50
49,31,-77,3
5,14,93,112
-70,-78,25,-123
5,-90,-71,-156
94,24,-93,25
-100,12,25,-63
43,-52,-83,-92
55,51,-61,45
100,-92,81,89
63,-90,23,-4
46,99,-90,55
-72,-27,-15,-114
51,20,49,120
43,-18,53,78
63,-46,-89,-72
28,-66,49,11
-91,-90,68,-113
81,45,2,128
24,64,98,186
-40,6,-41,-75
66,29,56,151
-87,36,0,-51
49,-97,-80,-128
7,100,-37,70
-82,35,-8,-55
-79,55,-14,-38
-1,-19,-9,-29
25,-90,10,-55
38,-45,-43,-50
63,5,-30,38
8,27,62,97
-87,12,-66,-141
100,99,69,268
98,53,45,196
-3,-52,14,-41
-31,-77,-70,-178
83,50,32,165
7,-52,99,54
64,80,89,233
100,-48,-68,-16
87,-65,33,55
76,65,-71,70
-69,-79,49,-99
-9,-88,-59,-156
39,23,-67,-5
89,37,52,178
18,6,-26,-2
30,-46,-56,-72
-83,-15,4,-94
56,-34,17,39
24,75,37,136
32,-56,4,-20
-53,-10,53,-10
-70,-56,33,-93
62,53,-1,114
-26,23,-21,-24
53,-1,-22,30
-2,-85,-88,-175
81,-76,-30,-25
6,62,89,157
-56,-77,-38,-171
31,-90,-30,-89
-25,-34,16,-43
73,58,26,157
-95,21,-40,-114
34,-7,56,83
43,11,-10,44
36,19,18,73
96,-16,58,138
7,-78,60,-11
84,-89,-94,-99
-32,84,38,90
74,19,-45,48
15,-38,-98,-121
-38,10,71,43
-37,74,-90,-53
43,-64,-84,-105
96,-42,-60,-6
-22,61,-91,-52
-36,-85,3,-118
-87,-8,61,-34
-44,98,31,85
30,-77,-93,-140
-63,34,19,-10
75,47,61,183
48,-68,22,2
-64,-60,-41,-165
55,-31,92,116
-4,-6,23,13
-63,73,11,21
53,-32,-99,-78
85,28,-21,92
-36,-52,11,-77
-51,6,-86,-131
33,41,-86,-12
24,-17,-98,-91
-15,-33,96,48
-35,44,-62,-53
36,-19,80,97
5,66,-89,-18
-75,-72,-73,-220
21,-73,100,48
100,80,85,265
73,20,64,157
15,-81,42,-24
-88,-34,18,-104
-19,-98,-45,-162
-62,1,36,-25
12,67,30,109
41,49,55,145
6,-56,68,18
80,66,13,159
-25,-22,-94,-141
-80,-85,-66,-231
13,47,73,133
-88,-99,99,-88
-1,91,30,120
12,-61,28,-21
44,94,27,165
-93,-23,12,-104
-100,-35,-39,-174
-31,-28,16,-43
74,0,17,91
-59,40,-93,-112
-81,-83,36,-128
50,18,-12,56
-39,-43,33,-49
-87,0,-6,-93
14,19,20,53
-10,-33,-84,-127
15,-38,-91,-114
100,-79,30,51
58,-69,-86,-97
64,92,-93,63
-17,-11,77,49
4,44,83,131
45,49,-6,88
9,64,70,143
-59,-32,82,-9
41,-15,91,117
-33,-42,27,-48
-92,19,-10,-83
-9,-88,87,-10
-29,2,-46,-73
-89,11,-88,-166
13,72,-7,78
85,13,-14,84
87,-87,-96,-96
-43,-75,-44,-162
-19,-24,68,25
-46,85,-90,-51
-89,77,99,87
-37,-96,89,-44
57,-47,-51,-41
-9,46,24,61
52,-33,-68,-49
27,37,52,116
-6,-84,5,-85
39,95,-88,46
34,79,-70,43
26,5,18,49
-96,79,-35,-52
37,17,59,113
-46,-8,-55,-109
65,-59,42,48
-55,-16,-35,-106
-98,-24,95,-27
53,69,74,196
-26,98,4,76
-33,53,-22,-2
-38,2,35,-1
64,54,-45,73
-98,-13,-87,-198
56,-63,-28,-35
-86,27,89,30
1,71,18,90
42,-34,63,71
-3,65,-93,-31
99,24,57,180
-8,49,67,108
-60,41,15,-4
72,-82,-31,-41
-7,57,83,133
32,68,-49,51
-72,-22,10,-84
-13,49,39,75
35,65,59,159
-98,67,-81,-112
-10,-42,-97,-149
25,45,-28,42
-41,-39,-97,-177
-10,1,-37,-46
-24,-96,41,-79
17,40,-7,50
94,41,-29,106
-88,33,-40,-95
94,44,6,144
-39,44,-90,-85
4,57,-30,31
60,-71,-46,-57
-18,-60,-90,-168
24,-71,9,-38
85,-79,58,64
67,-82,-54,-69
85,-90,-15,-20
-45,-79,68,-56
17,-39,81,59
56,36,-50,42
97,31,-10,118
23,37,9,69
42,4,-96,-50
85,-47,90,128
10,-46,-10,-46
-27,-46,-85,-158
99,-90,1,10
-37,25,-34,-46
-37,60,-77,-54
21,71,-60,32
70,38,-68,40
-30,58,-76,-48
-64,-3,57,-10
-93,90,17,14
67,24,84,175
-91,-66,-48,-205
17,80,48,145
-66,-97,55,-108
-57,1,66,10
-87,-59,-89,-235
-69,68,-20,-21
-66,-8,-46,-120
30,-18,26,38
29,56,-89,-4
-96,50,-83,-129
-16,43,-95,-68
-35,-83,75,-43
36,41,-50,27
99,-48,95,146
49,-71,39,17
67,-12,-95,-40
9,-41,-44,-76
-33,-47,43,-37
-27,-96,-28,-151
-62,-26,63,-25
-87,91,71,75
51,-56,91,86
-82,-14,12,-84
59,-88,-49,-78
53,-66,-97,-110
-52,-60,-74,-186
-55,29,-40,-66
-51,-61,-93,-205
52,78,-60,70
-11,-65,-90,-166
-71,55,-77,-93
-56,-75,11,-120
-79,61,96,78
80,-43,-58,-21
-28,98,20,90
70,47,-50,67
6,-61,-58,-113
-99,38,-85,-146
8,87,-77,18
-21,-76,-18,-115
76,7,47,130
82,71,-71,82
-5,11,19,25
29,21,-63,-13
-84,46,-19,-57
39,39,79,157
38,54,3,95
36,-40,47,43
13,-30,-15,-32
-98,-37,1,-134
50,54,-38,66
47,85,80,212
50,-24,60,86
-35,67,42,74
92,74,9,175
-91,81,35,25
42,81,56,179
-59,53,80,74
-48,8,32,-8
4,-34,0,-30
-68,22,-73,-119
-68,-42,100,-10
11,-81,-63,-133
85,-46,-40,-1
48,-56,-62,-70
-68,51,-89,-106
-47,-29,49,-27
70,21,49,140
-52,-52,-83,-187
46,91,26,163
-88,30,33,-25
38,19,-3,54
80,59,34,173
-85,50,83,48
-57,-44,-85,-186
-56,-38,-62,-156
-21,15,-86,-92
58,-73,20,5
-88,32,90,34
-52,23,78,49
-72,12,-37,-97
55,-2,-33,20
20,-71,-72,-123
-69,35,-59,-93
85,85,63,233
65,36,82,183
56,64,-9,111
94,-83,91,102
-87,-92,94,-85
72,-13,80,139
83,-20,-82,-19
31,-19,6,18
-99,-96,-2,-197
48,-61,90,77
-33,58,90,115
93,-5,82,170
-7,-44,-52,-103
-20,31,-2,9
94,66,51,211
69,33,85,187
14,-19,-92,-97
10,93,-84,19
-55,81,44,70
-48,9,-45,-84
85,-91,69,63
-7,43,27,63
38,-65,-44,-71
-7,-76,-58,-141
12,-15,-2,-5
4,96,33,133
-18,97,-66,13
18,-36,72,54
-79,1,-85,-163
-56,-97,-86,-239
-26,38,38,50
-74,41,-22,-55
-96,87,3,-6
-77,-35,-10,-122
-14,-27,-28,-69
-49,-87,-61,-197
-84,30,-82,-136
-5,58,-34,19
63,-23,-52,-12
-25,-68,99,6
95,-96,8,7
70,6,93,169
-21,-88,41,-68
-96,-29,-33,-158
-99,-3,43,-59
-72,-86,-82,-240
38,25,-69,-6
43,94,-21,116
15,100,-92,23
24,-90,54,-12
-72,72,-11,-11
45,31,-44,32
100,12,-54,58
-74,99,-83,-58
22,-18,40,44
49,-86,61,24
-17,95,-99,-21
-31,67,48,84
-40,-89,-29,-158
24,-24,74,74
-35,2,51,18
-13,81,-11,57
99,-6,8,101
11,97,-16,92
-14,-32,55,9
-7,-53,41,-19
-90,48,17,-25
15,-92,63,-14
71,24,-84,11
97,-97,-1,-1
-87,-78,15,-150
-87,68,-95,-114
-46,75,29,58
-41,22,-30,-49
80,23,-84,19
79,20,-96,3
-32,-59,-89,-180
5,36,3,44
-3,-95,-10,-108
13,-43,60,30
58,18,-88,-12
75,-100,-25,-50
-69,-72,-9,-150
-4,97,8,101
72,94,23,189
-45,-1,3,-43
-91,-21,97,-15
-36,47,-41,-30
-41,-26,-31,-98
-57,-5,-11,-73
3,-1,45,47
45,-49,-96,-100
-87,-30,-42,-159
-84,72,84,72
35,-28,-90,-83
26,88,-7,107
66,-33,3,36
-41,-79,51,-69
48,76,98,222
90,54,-34,110
16,63,-12,67
80,43,-70,53
30,29,60,119
-25,7,15,-3
6,-24,98,80
-9,100,-97,-6
19,76,-56,39
27,98,-97,28
86,15,-52,49
-47,-6,-62,-115
78,95,26,199
15,-98,57,-26
77,-63,-100,-86
85,84,82,251
-7,12,72,77
45,-95,-11,-61
-59,-56,31,-84
-93,-67,46,-114
-58,57,-65,-66
43,96,21,160
5,-92,69,-18
17,-78,30,-31
-53,98,25,70
86,58,89,233
-3,-46,72,23
-10,33,-25,-2
41,67,-51,57
-33,64,52,83
-34,37,-73,-70
40,-70,-13,-43
-91,-96,-24,-211
76,30,-86,20
29,-52,-68,-91
-82,21,-36,-97
-43,-75,80,-38
2,75,77,154
15,-11,87,91
-78,98,-74,-54
-83,-68,91,-60
-94,6,55,-33
67,85,25,177
22,51,35,108
16,-15,12,13
25,62,34,121
-66,6,11,-49
-98,33,-76,-141
-62,40,-44,-66
-14,93,54,133
45,-37,90,98
45,-84,10,-29
46,-1,60,105
-13,-60,3,-70
71,55,95,221
-72,-65,87,-50
-64,83,76,95
-40,28,76,64
-20,-66,-97,-183
20,-30,100,90
18,48,96,162
5,95,17,117
37,-18,87,106
98,-76,-51,-29
-28,-84,2,-110
27,70,-87,10
78,-50,75,103
63,3,50,116
-28,87,1,60
88,-54,-90,-56
-23,-33,-42,-98
-87,57,-67,-97
99,35,81,215
84,39,-13,110
-69,25,91,47
82,16,94,192
28,2,-13,17
-57,-9,-56,-122
-81,-65,93,-53
-87,-84,81,-90
-94,42,73,21
48,36,3,87
-24,-71,1,-94
-15,-79,83,-11
-98,-95,-90,-283
-34,33,48,47
34,-28,-12,-6
-27,40,94,107
8,45,53,106
-50,67,-46,-29
22,-98,-41,-117
60,-93,-66,-99
-21,43,-79,-57
85,-12,-12,61
-14,17,67,70
84,-69,-23,-8
-45,-36,-89,-170
-15,-11,-23,-49
-87,-13,17,-83
45,7,16,68
-54,89,-26,9
-70,84,27,41
20,71,-28,63
10,59,-15,54
24,-52,7,-21
-74,38,-6,-42
57,-56,-32,-31
-61,58,-68,-71
49,-5,61,105
-73,-21,19,-75
-17,-18,-69,-104
-90,40,28,-22
87,-66,89,110
90,19,6,115
15,97,79,191
-57,48,87,78
41,34,-40,35
-96,-97,-65,-258
24,4,-67,-39
79,-16,82,145
-5,22,-65,-48
-20,73,-17,36
-13,-22,-25,-60
-31,43,28,40
89,-81,49,57
74,-75,84,83
38,-72,99,65
73,82,-47,108
17,93,55,165
-66,-69,53,-82
88,38,-14,112
-42,61,-72,-53
1,18,12,31
-62,-91,-24,-177
63,-42,-47,-26
38,85,-15,108
-63,-97,-3,-163
38,64,43,145
27,-59,-33,-65
-97,-93,40,-150
-68,29,-66,-105
-68,-94,-62,-224
97,41,-49,89
19,-34,-63,-78
-32,39,-65,-58
88,-25,-68,-5
12,-72,47,-13
-29,-6,35,0
-63,80,56,73
19,62,-38,43
8,-76,-96,-164
3,9,6,18
50,-99,66,17
-85,95,41,51
-50,-46,-47,-143
-67,-38,-47,-152
-36,-83,48,-71
-60,-14,42,-32
97,-100,77,74
-71,96,76,101
-86,-95,77,-104
63,-74,17,6
-46,-8,88,34
70,53,39,162
-71,9,-17,-79
50,95,52,197
94,-53,30,71
-16,-20,-6,-42
25,14,-70,-31
33,-63,100,70
-18,6,26,14
-33,45,35,47
20,25,-74,-29
-100,-7,-37,-144
-99,40,81,22
-16,-42,21,-37
83,-13,-22,48
66,64,-92,38
73,-4,54,123
-39,-76,44,-71
-41,48,-22,-15
-79,-51,-19,-149
42,-68,-54,-80
81,43,79,203
-17,33,83,99
58,59,20,137
-80,-53,11,-122
2,-33,85,54
98,-65,-14,19
79,-88,79,70
80,-27,8,61
-27,-42,20,-49
16,75,2,93
-23,69,53,99
12,85,7,104
-24,-61,-27,-112
-82,46,32,-4
-34,58,95,119
-42,-89,-94,-225
39,59,-33,65
-55,-40,-13,-108
-75,7,-47,-115
-71,3,36,-32
-91,-21,-75,-187
-92,68,0,-24
45,100,-64,81
-3,80,-72,5
21,0,69,90
-97,-42,-28,-167
-93,48,-9,-54
60,-50,-35,-25
-88,-15,-24,-127
55,70,-91,34
-76,81,-16,-11
90,-75,50,65
61,8,28,97
100,21,-66,55
28,-26,23,25
82,-59,35,58
10,-33,90,67
-6,29,-83,-60
-56,-22,-70,-148
87,-11,-92,-16
-97,72,20,-5
-75,7,-23,-91
91,54,-54,91
-17,80,-24,39
-15,-27,-10,-52
10,86,-18,78
96,-26,0,70
86,91,59,236
64,94,-60,98
84,-13,64,135
81,3,85,169
34,33,-17,50
-69,34,-79,-114
-23,-39,44,-18
37,67,11,115
-72,-92,75,-89
-19,-22,-68,-109
92,5,-82,15
-78,30,13,-35
-76,-91,-40,-207
15,-59,-97,-141
11,68,52,131
14,-49,-54,-89
-19,59,51,91
42,-84,-45,-87
97,-96,-6,-5
-50,-50,-18,-118
-50,-8,-74,-132
-67,8,-33,-92
-20,-73,36,-57
-44,57,100,113
94,29,-84,39
-13,10,-50,-53
-53,66,99,112
-59,-65,9,-115
-3,36,-94,-61
-92,22,18,-52
-54,-61,-49,-164
90,14,82,186
31,-66,-44,-79
-73,75,4,6
-61,-34,18,-77
-19,9,13,3
98,80,-47,131
1,82,70,153
-64,-83,47,-100
-51,52,25,26
-50,-77,71,-56
-16,-57,-68,-141
48,-99,-21,-72
60,-37,-61,-38
-87,73,-31,-45
64,87,100,251
31,95,-25,101
98,-23,7,82
-69,-80,47,-102
-78,8,91,21
-98,3,-22,-117
-70,80,85,95
31,-94,70,7
35,-44,49,40
-41,-48,79,-10
29,12,-16,25
-57,-79,41,-95
33,-88,-92,-147
-90,35,-97,-152
32,15,92,139
-69,-46,39,-76
-44,-66,-67,-177
67,1,52,120
98,85,16,199
-82,50,-6,-38
35,-44,-54,-63
53,-51,-62,-60
20,-91,77,6
-75,83,-66,-58
-76,-6,-91,-173
100,70,58,228
-23,-19,71,29
74,-89,-89,-104
30,-68,-63,-101
72,95,-71,96
-19,-53,69,-3
-27,-48,-81,-156
42,-39,-78,-75
15,-66,-94,-145
8,-97,-74,-163
48,-38,98,108
47,78,-69,56
-99,81,-33,-51
-48,-66,-100,-214
26,22,48,96
-25,67,-18,24
-96,75,-62,-83
34,-90,-81,-137
76,14,21,111
3,73,-56,20
-70,63,70,63
-22,-13,-87,-122
-31,-50,-62,-143
33,2,65,100
82,-16,64,130
-44,8,81,45
-27,-34,-15,-76
59,84,57,200
-28,-53,-75,-156
-34,-40,52,-22
80,76,-36,120
13,-22,-95,-104
-17,-38,27,-28
80,37,41,158
53,-70,-76,-93
80,95,93,268
61,8,58,127
-75,-52,-23,-150
78,-11,55,122
-70,64,23,17
29,-98,-11,-80
-56,57,-7,-6
54,-19,36,71
-63,24,84,45
8,-90,-87,-169
-48,50,-18,-16
-86,-16,-82,-184
21,-94,35,-38
-90,29,61,0
99,77,-35,141
91,-1,84,174
-47,-45,8,-84
75,-77,-8,-10
91,-76,98,113
-1,-92,72,-21
35,93,63,191
9,80,98,187
-53,-50,-77,-180
-36,77,-67,-26
64,-76,-54,-66
48,-99,-67,-118
97,23,11,131
-60,-99,-99,-258
-38,-21,22,-37
42,-73,-32,-63
-53,-25,82,4
68,-87,-42,-61
61,-66,-1,-6
-11,85,52,126
94,-28,-80,-14
60,13,69,142
90,69,5,164
50,-68,-18,-36
45,33,-61,17
51,-47,-14,-10
21,47,-94,-26
81,82,85,248
-48,33,6,-9
3,-31,66,38
-6,6,26,26
-74,78,-36,-32
-81,-68,84,-65
7,13,-91,-71
-80,-1,34,-47
-19,-23,9,-33
-97,13,-56,-140
94,67,-62,99
69,27,9,105
-8,56,-89,-41
-26,-95,-83,-204
26,18,55,99
71,-70,50,51
-29,-69,88,-10
-51,-95,-30,-176
4,-33,-14,-43
-24,99,51,126
-30,-6,-10,-46
-60,-24,23,-61
-77,90,-5,8
-20,99,-76,3
-98,35,-16,-79
77,-88,76,65
-39,55,40,56
-5,-82,41,-46
2,-43,-17,-58
-92,-36,-34,-162
58,-73,-45,-60
62,-84,27,5
-66,37,-18,-47
6,9,-41,-26
96,100,-83,113
-83,32,60,9
45,2,71,118
-51,-44,46,-49
-28,25,-70,-73
2,27,-49,-20
-62,-56,14,-104
-6,92,78,164
-33,-16,0,-49
-42,-11,-64,-117
-13,-38,-3,-54
-89,-58,32,-115
-62,43,-7,-26
-29,8,29,8
-78,80,15,17
-35,96,27,88
-35,-26,-45,-106
96,96,-25,167
-34,45,83,94
-24,-33,-27,-84
-59,99,45,85
-48,42,-58,-64
72,21,4,97
78,-60,28,46
-90,-8,-50,-148
70,-2,62,130
-56,-25,52,-29
-94,49,86,41
84,-86,-55,-57
74,54,-79,49
86,75,59,220
50,-30,93,113
91,-98,92,85
72,14,-27,59
-57,-62,20,-99
-29,53,15,39
62,68,14,144
-78,-36,62,-52
-51,-1,96,44
-67,-3,4,-66
-28,-84,59,-53
62,-91,-56,-85
-84,-100,100,-84
23,95,-69,49
-65,-15,90,10
-37,23,-36,-50
-41,-88,64,-65
22,-38,27,11
-55,-57,-100,-212
36,52,13,101
99,-36,-84,-21
-4,66,45,107
-3,-14,77,60
-38,23,98,83
3,-78,8,-67
8,-90,-52,-134
-94,8,-71,-157
-73,-7,-85,-165
73,2,-13,62
90,58,-1,147
95,77,-7,165
66,15,41,122
-47,-88,85,-50
3,31,-51,-17
-18,37,19,38
-52,-80,-8,-140
15,-73,14,-44
-57,-25,55,-27
-97,-76,-38,-211
84,88,59,231
28,40,30,98
37,-30,40,47
-56,99,-84,-41
88,92,-83,97
69,-71,83,81
8,74,15,97
69,-8,35,96
-80,22,41,-17
-46,-35,-23,-104
-29,60,-27,4
33,20,-51,2
65,-90,3,-22
40,74,73,187
-16,-13,63,34
56,76,-20,112
-88,-31,81,-38
66,29,47,142
-81,-33,85,-29
-36,-58,48,-46
-75,95,87,107
-8,-65,-4,-77
53,58,22,133
47,8,56,111
-95,4,-98,-189
40,-72,-59,-91
-54,-7,-62,-123
-84,34,-89,-139
-21,-56,-67,-144
80,36,80,196
90,15,7,112
42,37,-15,64
84,52,-21,115
97,-81,90,106
4,0,32,36
-40,-82,-25,-147
-48,-22,-12,-82
11,-19,-41,-49
-44,67,-49,-26
-84,2,32,-50
-89,-72,20,-141
-26,-68,-4,-98
80,-23,-24,33
56,-40,75,91
23,-58,56,21
-33,11,59,37
-20,-26,82,36
-66,60,-78,-84
-20,63,-51,-8
-10,-25,69,34
-84,-8,23,-69
17,20,59,96
-92,-82,-67,-241
-14,54,80,120
78,-58,-87,-67
-92,51,25,-16
-46,12,-36,-70
72,-96,-63,-87
-57,-30,38,-49
11,89,49,149
26,-9,-93,-76
-28,-7,-99,-134
44,84,51,179
-62,35,0,-27
-74,3,19,-52
-7,-77,-27,-111
-10,33,-52,-29
77,-63,-18,-4
-91,-43,-17,-151
-86,46,-76,-116
-87,32,-69,-124
-46,-10,-10,-66
51,-81,-43,-73
-86,22,54,-10
23,-20,17,20
-30,-3,35,2
86,-77,17,26
35,-71,22,-14
-77,76,-16,-17
95,-73,-75,-53
-13,23,22,32
87,15,72,174
46,76,-42,80
69,-76,-11,-18
-82,-92,-7,-181
-70,11,53,-6
-64,61,-72,-75
-15,5,-28,-38
14,11,24,49
59,-87,66,38
-5,21,-66,-50
-15,-23,-51,-89
-66,84,64,82
11,-29,-26,-44
28,-39,23,12
-70,31,55,16
23,95,48,166
-11,-77,2,-86
39,88,-98,29
-42,32,-7,-17
-83,-8,-23,-114
33,-75,64,22
23,-30,-39,-46
-28,60,-30,2
-95,-85,-100,-280
-87,-91,66,-112
21,21,-51,-9
-26,85,-28,31
-18,-46,-40,-104
-78,-86,-25,-189
-49,-1,-86,-136
-15,-67,73,-9
-1,-29,-15,-45
19,46,77,142
-78,-89,90,-77
18,-81,50,-13
14,54,59,127
29,8,-95,-58
-93,-99,54,-138
43,-62,-93,-112
94,92,-36,150
-15,-56,51,-20
-39,20,23,4
-53,-79,-89,-221
-51,-63,-28,-142
-13,-30,7,-36
-93,-94,-57,-244
18,50,-61,7
-56,-2,52,-6
-27,18,-72,-81
-27,-12,-91,-130
-5,5,-8,-8
77,27,-87,17
-30,53,94,117
65,-27,11,49
-88,60,80,52
-98,19,-41,-120
66,-38,-92,-64
75,-60,-34,-19
1,-22,-50,-71
46,58,-53,51
-100,73,-80,-107
42,-98,-68,-124
44,-10,59,93
52,-69,68,51
-25,-30,12,-43
-1,-91,2,-90
47,86,15,148
65,15,-48,32
10,-36,-77,-103
-74,-62,66,-70
-64,22,-19,-61
50,97,-85,62
-93,72,53,32
95,25,-52,68
-63,-28,93,2
37,90,-2,125
-65,92,-25,2
-26,83,55,112
55,-4,45,96
86,-10,28,104
-46,-18,-97,-161
-25,-84,-73,-182
39,-90,-64,-115
-73,12,69,8
-92,-61,-5,-158
91,-42,-54,-5
32,29,-20,41
-59,3,-23,-79
-16,-99,-91,-206
-49,9,61,21
-51,-33,13,-71
-57,53,25,21
5,67,2,74
40,-44,64,60
72,-34,-88,-50
-98,71,-1,-28
-33,82,-50,-1
-77,66,-14,-25
19,-20,-12,-13
13,26,67,106
9,57,94,160
-81,-54,93,-42
-30,0,-1,-31
-76,16,-50,-110
94,91,66,251
71,-85,15,1
-98,84,12,-2
77,88,-42,123
-38,47,-87,-78
-70,94,-18,6
37,-19,-4,14
-42,-96,-40,-178
16,55,-92,-21
90,45,-45,90
-84,-95,63,-116
-12,63,50,101
12,76,89,177
-67,-13,-51,-131
-97,-18,-98,-213
-82,9,38,-35
-79,4,12,-63
-65,56,-39,-48
84,-30,91,145
39,49,-23,65
-69,-62,72,-59
87,-57,8,38
-43,100,39,96
-12,-15,35,8
-37,-12,79,30
38,-41,-56,-59
-38,-50,-64,-152
-31,35,46,50
-85,66,-14,-33
-1,4,-95,-92
-5,-47,-98,-150
-67,-33,-80,-180
-60,86,91,117
-51,-71,-87,-209
-97,-22,-33,-152
-30,-35,22,-43
15,-5,-29,-19
100,90,56,246
-14,87,40,113
78,33,66,177
63,-54,-25,-16
6,43,-35,14
-72,61,79,68
-5,-54,-50,-109
-82,-20,36,-66
67,18,52,137
-95,-96,17,-174
72,45,-34,83
42,-36,-68,-62
58,34,99,191
-40,-11,-96,-147
23,3,-31,-5
23,-32,-64,-73
39,-96,-59,-116
13,-55,-8,-50
57,-29,100,128
18,-90,-35,-107
-24,100,50,126
96,-33,-16,47
80,-58,-17,5
67,-51,-91,-75
17,-76,87,28
-12,26,76,90
-83,64,-74,-93
-12,65,54,107
-22,61,-44,-5
-3,-46,-95,-144
20,94,60,174
-50,90,-7,33
-100,-37,-86,-223
-15,-62,-44,-121
4,-68,15,-49
67,-41,-19,7
-66,-83,39,-110
38,-98,84,24
-21,-1,-76,-98
59,77,0,136
-40,-87,-95,-222
-93,54,-98,-137
-4,68,-2,62
-94,94,81,81
-26,6,75,55
-25,-34,-27,-86
52,79,-63,68
95,89,-82,102
61,53,-69,45
-35,-74,-50,-159
90,95,-2,183
-91,-29,-58,-178
-11,58,-98,-51
-84,-91,-51,-226
-17,43,-18,8
-74,-45,38,-81
43,-54,24,13
-56,19,-15,-52
-67,-31,-44,-142
-61,54,68,61
83,33,34,150
31,92,70,193
-53,-11,-1,-65
73,67,60,200
-6,38,5,37
-6,8,-36,-34
54,31,10,95
-96,5,-87,-178
-5,-73,69,-9
65,57,-52,70
-12,-63,-75,-150
58,5,5,68
33,-12,-45,-24
100,-8,17,109
-68,-53,4,-117
-78,23,78,23
99,-41,74,132
61,-74,-40,-53
-10,-23,57,24
-25,10,-8,-23
95,77,20,192
-80,18,12,-50
-39,34,-52,-57
-67,-88,-68,-223
48,-7,19,60
37,1,-50,-12
-42,7,-67,-102
-72,55,-32,-49
66,1,-91,-24
84,-24,-70,-10
35,60,-57,38
49,-1,-70,-22
31,23,-62,-8
28,75,41,144
-7,-95,-100,-202
-28,-63,-1,-92
-71,57,-28,-42
-68,83,16,31
74,8,-27,55
87,34,61,182
-30,42,-91,-79
-69,89,83,103
14,-79,-19,-84
64,17,-51,30
28,-16,66,78
78,41,-40,79
79,-94,44,29
89,-7,14,96
-16,-7,-48,-71
-85,-78,70,-93
98,-77,66,87
1,69,-65,5
73,-6,-8,59
61,-97,8,-28
78,-13,52,117
71,-60,9,20
40,-27,95,108
75,34,-13,96
26,62,46,134
-91,-94,-90,-275
-55,100,73,118
-4,-36,-89,-129
-29,-31,-64,-124
-22,45,35,58
-11,-33,-56,-100
25,-26,86,85
32,43,24,99
91,-83,11,19
3,-20,-52,-69
100,98,59,257
6,49,-3,52
-48,-89,-36,-173
-39,32,30,23
6,-7,58,57
-65,4,-42,-103
-26,62,-28,8
79,-16,21,84
34,3,47,84
55,-62,4,-3
-27,19,96,88
-81,44,-18,-55
78,73,6,157
74,42,-44,72
54,21,-42,33
-77,88,-32,-21
-67,-74,-5,-146
12,94,9,115
30,-100,-42,-112
-5,41,52,88
36,93,-22,107
69,1,-26,44
-20,-80,50,-50
24,-30,15,9
0,-8,-56,-64
-37,68,54,85
70,-30,2,42
-90,-25,38,-77
73,-56,-8,9
-94,-20,-92,-206
-8,-72,-49,-129
-1,-27,-95,-123
-56,37,-45,-64
68,-86,-28,-46
-14,79,-81,-16
-11,46,44,79
94,87,-61,120
73,-51,-57,-35
-56,-61,-33,-150
-89,2,-76,-163
-60,92,-54,-22
-59,-59,-54,-172
-77,-59,-98,-234
-21,-91,-32,-144
-41,-95,-47,-183
-15,50,-73,-38
64,-75,-31,-42
-5,68,-61,2
-98,4,90,-4
92,77,-69,100
23,-7,-9,7
9,-82,77,4
-3,92,-34,55
-91,-61,-57,-209
-25,-71,24,-72
51,-23,27,55
79,-81,73,71
-84,-88,15,-157
19,9,88,116
42,-6,-16,20
-38,49,-73,-62
22,94,-60,56
-13,-76,-92,-181
-48,33,-41,-56
56,19,82,157
-12,-29,-44,-85
-24,99,-10,65
94,-66,76,104
-62,46,-77,-93
64,65,82,211
16,-18,61,59
-67,7,-56,-116
-91,-64,-13,-168
-27,-83,-91,-201
22,-90,-32,-100
20,9,-31,-2
87,33,-21,99
74,16,-69,21
-83,-97,-35,-215
-30,5,-61,-86
79,18,48,145
28,-43,-60,-75
34,55,44,133
-69,42,82,55
60,94,32,186
40,89,16,145
52,34,91,177
-95,77,87,69
98,100,40,238
-33,-73,58,-48
-86,-1,-67,-154
5,59,-16,48
68,-73,60,55
52,33,98,183
59,-62,42,39
55,-83,-50,-78
11,63,-82,-8
-90,-69,-87,-246
-94,100,-92,-86
-100,-13,-72,-185
-10,26,13,29
96,47,56,199
-74,-64,61,-77
-7,5,-55,-57
-5,-78,7,-76
-61,-14,61,-14
31,-28,-39,-36
22,86,-22,86
98,78,20,196
-10,63,76,129
-19,98,-77,2
85,-93,-4,-12
-57,-81,62,-76
-69,28,36,-5
4,-76,-65,-137
67,14,-38,43
-30,-87,59,-58
-69,61,-60,-68
5,-92,51,-36
10,95,39,144
-68,28,-32,-72
2,-30,-19,-47
53,12,-68,-3
63,-20,-56,-13
-8,-56,-74,-138
-99,58,5,-36
-53,0,-52,-105
85,65,-39,111
99,-68,-92,-61
-6,-19,64,39
74,-47,-17,10
-57,-7,77,13
-58,32,28,2
-75,100,95,120
38,14,7,59
49,35,-12,72
82,-29,13,66
-71,79,43,51
-25,77,2,54
6,89,-27,68
-31,-60,91,0
18,-85,-29,-96
-94,-99,97,-96
56,11,-6,61
-38,-55,-90,-183
-98,60,-60,-98
-15,36,31,52
85,72,-50,107
93,-62,-100,-69
47,6,-56,-3
-54,-36,-14,-104
38,-64,17,-9
78,28,-60,46
-94,90,-56,-60
-44,-25,-51,-120
-6,9,-86,-83
66,-54,-10,2
96,88,13,197
91,82,-14,159
50,66,64,180
-54,-91,29,-116
-72,-66,-13,-151
-93,36,10,-47
-41,7,89,55
55,30,-53,32
34,72,-50,56
-11,84,61,134
-4,60,-53,3
-93,31,59,-3
63,97,11,171
58,65,-86,37
79,-45,15,49
-34,74,72,112
89,54,-22,121
37,-8,-88,-59
76,-55,51,72
-63,94,-65,-34
100,49,-39,110
5,-51,-78,-124
-72,-47,11,-108
-63,99,-1,35
32,-48,-81,-97
-9,42,34,67
58,74,30,162
13,100,83,196
-25,-16,-42,-83
88,77,-2,163
-63,-99,-54,-216
-91,-9,-25,-125
-14,2,-58,-70
-42,-1,29,-14
-2,36,53,87
-4,-59,20,-43
-47,12,-39,-74
1,94,-83,12
41,10,36,87
89,-60,93,122
93,-36,-73,-16
30,64,65,159
10,76,69,155
-7,-30,44,7
-98,94,-60,-64
-70,-42,31,-81
73,76,35,184
63,-34,-31,-2
-68,-56,90,-34
1,-72,89,18
29,7,43,79
53,68,8,129
-77,-24,-41,-142
11,27,73,111
-47,-12,-44,-103
-45,36,68,59
-67,-1,-7,-75
15,55,55,125
88,39,-57,70
-35,-48,17,-66
12,99,-32,79
-59,39,90,70
61,-75,96,82
-23,57,-78,-44
-92,18,-59,-133
6,-86,-13,-93
57,-18,93,132
68,-50,9,27
16,26,-74,-32
-63,-28,15,-76
24,-1,72,95
64,41,-9,96
-53,46,21,14
47,-10,-28,9
-71,-31,-47,-149
-10,-30,-17,-57
-93,-44,28,-109
57,20,44,121
-71,77,-73,-67
14,-96,-91,-173
81,-15,33,99
-4,-97,-89,-190
-80,-42,88,-34
10,45,-3,52
9,-15,-74,-80
-22,-11,-73,-106
-87,-98,5,-180
-93,19,3,-71
97,-27,-38,32
-95,-65,-97,-257
45,23,8,76
-29,31,11,13
-5,6,-49,-48
-52,-58,66,-44
-73,-23,-11,-107
-95,-4,16,-83
27,47,-64,10
76,-79,-81,-84
-74,91,-8,9
-48,-86,83,-51
88,-37,-85,-34
74,-97,9,-14
-46,92,72,118
74,41,54,169
-79,45,90,56
-31,-17,-32,-80
-98,-48,-51,-197
-8,-88,-93,-189
-60,-96,55,-101
49,64,26,139
19,-24,-65,-70
-91,80,52,41
-56,85,24,53
97,47,44,188
44,-53,-79,-88
13,74,-16,71
99,-43,-97,-41
86,86,-46,126
29,-40,79,68
45,-97,-12,-64
-58,88,-31,-1
84,41,34,159
15,-17,9,7
59,-6,-51,2
40,96,-80,56
-88,15,-35,-108
-45,67,96,118
74,-48,26,52
65,21,63,149
-58,51,-64,-71
-71,36,-31,-66
55,-72,23,6
-20,-90,-17,-127
-10,-43,-48,-101
59,39,3,101
-41,-24,30,-35
95,38,-11,122
7,52,-11,48
-72,51,-93,-114
93,49,-14,128
-87,86,43,42
-1,-19,50,30
-55,25,9,-21
55,69,38,162
-22,-43,-21,-86
31,-53,75,53
21,64,66,151
18,-12,28,34
36,-64,69,41
46,-12,-65,-31
-9,-79,-45,-133
88,-85,-39,-36
-91,34,68,11
70,12,-36,46
75,58,46,179
-64,-33,-99,-196
-37,-79,-12,-128
53,-100,-3,-50
95,-51,91,135
38,-48,16,6
-99,31,60,-8
17,-65,-30,-78
86,99,-45,140
97,-10,19,106
-22,-3,-41,-66
-9,40,94,125
55,-70,-31,-46
-37,-19,66,10
61,79,-41,99
93,-41,-28,24
-89,73,85,69
35,82,47,164
61,-48,-65,-52
-69,-14,91,8
-74,79,98,103
92,-95,-38,-41
67,63,-20,110
-69,19,-93,-143
-73,-33,59,-47
-13,11,-37,-39
-22,-73,83,-12
-76,-27,56,-47
42,49,-14,77
97,61,18,176
97,59,-72,84
79,-99,-77,-97
38,-86,-3,-51
-28,29,44,45
-9,76,-11,56
-89,75,21,7
16,16,-32,0
-61,-53,99,-15
-52,48,-3,-7
-69,-89,-96,-254
92,97,-81,108
-95,39,-19,-75
-93,89,66,62
51,18,36,105
-10,-52,-16,-78
-94,-57,89,-62
22,6,-75,-47
-68,-25,88,-5
-6,10,17,21
92,-28,47,111
-18,53,-6,29
96,64,-52,108
55,-64,54,45
82,94,57,233
-42,51,-28,-19
-17,64,76,123
-33,36,98,101
86,-5,-24,57
93,-8,-24,61
69,50,24,143
15,-91,-69,-145
57,92,98,247
-6,15,-71,-62
-6,31,43,68
-55,-70,-32,-157
58,90,-63,85
19,-96,0,-77
8,34,51,93
77,-99,-76,-98
92,-42,-85,-35
-52,50,-59,-61
-78,-19,41,-56
62,34,-66,30
22,22,0,44
15,62,-56,21
53,39,6,98
-74,65,52,43
-96,97,95,96
29,-18,-42,-31
69,42,-8,103
89,7,19,115
15,65,-11,69
52,-38,-60,-46
-16,-30,28,-18
-24,-12,-93,-129
-85,-62,57,-90
-8,-88,95,-1
68,-6,9,71
38,-74,7,-29
42,-91,-63,-112
91,56,-65,82
89,66,24,179
13,76,-91,-2
-89,18,-15,-86
80,36,54,170
-37,-39,100,24
33,-100,-2,-69
-81,-98,-63,-242
24,84,-31,77
-57,-95,11,-141
89,41,79,209
55,-89,-79,-113
25,0,15,40
-94,-85,-7,-186
72,-66,-88,-82
-58,94,86,122
47,17,-47,17
-8,-38,22,-24
98,34,-85,47
-78,68,13,3
9,-33,1,-23
13,24,10,47
48,58,95,201
54,-63,-87,-96
-56,-78,-92,-226
71,-60,68,79
-29,-3,-90,-122
7,32,-99,-60
77,53,74,204
31,-69,-25,-63
85,22,34,141
21,-92,-9,-80
-3,0,-39,-42
-44,2,25,-17
-31,-41,57,-15
-59,59,-98,-98
83,99,48,230
-15,-74,-77,-166
1,-65,94,30
69,73,35,177
-55,92,-61,-24
-15,73,94,152
6,45,-64,-13
14,-23,42,33
-24,1,78,55
-96,-77,93,-80
55,-91,-75,-111
-28,-9,86,49
53,-70,13,-4
-69,41,43,15
37,19,-45,11
3,1,-56,-52
46,-22,50,74
-49,15,55,21
65,-56,-47,-38
53,51,82,186
22,-6,22,38
-83,-88,29,-142
53,-100,-92,-139
15,80,-44,51
-31,-22,-91,-144
13,79,-93,-1
-39,81,21,63
-87,-80,-39,-206
-98,-65,-92,-255
-91,86,71,66
94,-72,-80,-58
1,90,9,100
65,59,30,154
99,-79,28,48
-27,-38,-88,-153
99,95,5,199
94,7,72,173
-94,89,-63,-68
91,-70,40,61
-100,-80,-44,-224
-57,17,65,25
-69,80,87,98
59,34,95,188
91,-33,-6,52
-25,-70,23,-72
-44,-75,-41,-160
20,33,55,108
100,95,100,295
17,-52,-37,-72
9,-40,93,62
-4,-26,15,-15
43,-56,91,78
-86,-90,-66,-242
26,-13,-78,-65
91,-32,19,78
-40,-8,98,50
-6,-73,24,-55
-36,-51,44,-43
2,-66,61,-3
-34,30,-73,-77
91,48,-67,72
-51,-51,-9,-111
-77,-73,97,-53
62,-29,-67,-34
66,-43,28,51
30,-6,81,105
98,71,-8,161
51,-100,-13,-62
40,-25,-58,-43
80,77,4,161
48,-32,-41,-25
-51,-24,67,-8
-7,-21,35,7
-17,48,-73,-42
-37,59,82,104
-72,-35,11,-96
7,44,9,60
-8,-51,-56,-115
33,90,54,177
80,-99,92,73
15,89,35,139
-33,-28,-76,-137
6,-36,-36,-66
15,-5,-92,-82
99,-33,65,131
94,-98,76,72
-88,5,-36,-119
-47,-12,-72,-131
100,43,-68,75
18,-86,64,-4
-67,8,-32,-91
89,67,48,204
2,42,-30,14
-23,-45,-41,-109
-74,74,46,46
-90,-78,85,-83
55,-16,77,116
35,-59,19,-5
-26,-2,-45,-73
84,-69,17,32
-42,55,82,95
-22,82,-21,39
-6,-74,50,-30
43,11,-58,-4
38,23,22,83
84,-42,23,65
78,-72,2,8
-83,43,-11,-51
-64,20,11,-33
-71,99,78,106
38,4,76,118
-85,100,93,108
-60,96,88,124
70,-90,59,39
-87,-67,-61,-215
20,-34,27,13
-7,-56,6,-57
99,-66,-5,28
98,-91,95,102
-35,-58,39,-54
50,76,-24,102
-7,50,-22,21
-66,-61,81,-46
47,-42,-81,-76
-9,-52,69,8
-12,52,37,77
-94,-96,92,-98
-12,66,-14,40
87,-47,3,43
71,-18,48,101
-9,-34,-64,-107
-23,-52,2,-73
-52,93,2,43
-8,35,-60,-33
-46,84,52,90
6,29,-15,20
24,-24,-35,-35
-34,59,21,46
91,49,-40,100
-38,-12,25,-25
78,-50,65,93
-73,-38,47,-64
-20,81,54,115
-40,43,16,19
16,53,-46,23
-40,-5,26,-19
41,-46,-59,-64
-39,-35,22,-52
-16,63,-63,-16
52,-18,24,58
36,-29,24,31
-13,-98,-91,-202
-26,82,69,125
-91,43,-47,-95
70,21,-10,81
96,12,-55,53
13,37,-72,-22
39,-42,14,11
-76,56,69,49
-92,21,-40,-111
81,-59,65,87
33,62,21,116
-84,-37,51,-70
-38,57,-75,-56
-10,-55,-34,-99
87,-56,50,81
-38,13,96,71
-47,87,-20,20
-94,38,68,12
-42,22,-43,-63
15,40,-34,21
23,68,47,138
-44,55,57,68
-97,-46,3,-140
-43,-78,-50,-171
15,71,-79,7
4,-41,95,58
-96,69,-2,-29
-96,-37,81,-52
-71,-27,-41,-139
99,-38,-59,2
76,-37,-34,5
58,5,-35,28
20,62,46,128
93,98,-81,110
